result_deltaT_Ta.grd
DSAA
41 41
-250 1750
-250 1750
109.563 8202.11
157.961 160.486 163.675 166.899 170.714 174.243 178.261 182.045 185.977 189.564 
193.022 196.197 199.024 201.413 203.294 204.747 205.525 205.904 205.554 204.848 
203.328 201.473 198.786 195.765 191.92 187.773 182.888 177.805 172.229 166.672 
160.867 155.23 149.64 144.472 139.426 134.881 130.523 126.722 123.113 120.159 
117.303 

164.351 167.409 170.979 174.696 178.941 183.102 187.553 191.823 196.285 200.248 
204.239 207.768 211.002 213.809 216.069 217.892 219.052 219.802 219.829 219.473 
218.356 216.895 214.61 212 208.549 204.775 200.226 195.393 189.916 184.264 
178.19 172.221 166.018 160.018 154.062 148.485 143.027 138.118 133.368 129.368 
125.461 

173.232 177.151 181.537 186.031 191.169 196.163 201.493 206.632 211.788 216.517 
221.231 225.332 229.066 232.276 234.964 237.072 238.513 239.452 239.669 239.487 
238.511 237.175 235.042 232.497 229.143 225.343 220.715 215.657 209.902 203.836 
197.251 190.445 183.405 176.487 169.469 162.791 156.202 150.163 144.311 139.312 
134.363 

182.763 187.695 193.002 198.59 204.71 210.832 217.194 223.427 229.611 235.367 
240.923 245.829 250.269 254.09 257.305 259.857 261.693 262.996 263.566 263.681 
263.088 262.064 260.28 258.058 254.986 251.381 246.878 241.764 235.755 229.143 
221.801 214.172 206.009 197.739 189.315 181.145 173.03 165.521 158.182 151.869 
145.53 

193.832 200 206.518 213.348 220.883 228.436 236.268 243.873 251.47 258.504 
265.2 271.142 276.627 281.131 285.056 288.102 290.447 292.145 293.071 293.561 
293.288 292.643 291.263 289.392 286.668 283.268 278.798 273.473 267.042 259.783 
251.502 242.455 232.761 222.861 212.599 202.556 192.538 183.208 174.105 166.248 
158.229 

205.641 213.4 221.427 229.816 239.12 248.423 258.142 267.518 276.861 285.589 
293.859 301.142 307.84 313.418 318.21 321.993 324.917 327.124 328.535 329.431 
329.74 329.642 328.906 327.714 325.625 322.725 318.611 313.266 306.432 298.196 
288.541 277.897 266.18 253.886 241.202 228.645 216.127 204.473 193.057 183.225 
173.085 

218.926 228.517 238.364 248.897 260.256 271.775 283.854 295.531 307.39 318.225 
328.641 337.86 346.104 353.026 358.912 363.639 367.24 369.903 371.813 373.178 
374.023 374.613 374.792 374.52 373.47 371.361 367.739 362.373 355.058 345.647 
334.297 321.084 306.589 291.22 275.203 259.471 243.687 229.03 214.79 202.527 
189.724 

233.117 245.103 257.154 270.129 284.127 298.515 313.528 328.389 343.189 357.074 
370.283 381.945 392.422 401.221 408.633 414.362 418.815 422.005 424.285 426.002 
427.509 429.008 430.467 431.793 432.403 431.844 429.313 424.404 416.501 405.52 
391.564 375.289 356.752 337.104 316.63 296.466 276.479 257.907 239.974 224.676 
208.559 

248.65 263.409 278.078 294.084 311.473 329.408 348.427 367.229 386.121 403.934 
421.014 436.232 449.857 461.226 470.642 477.703 483.001 486.426 488.751 490.52 
492.397 494.923 498.223 501.946 505.414 507.413 506.933 502.743 494.256 481.164 
463.701 442.462 418.475 392.856 366.298 340.236 314.712 291.25 268.668 249.548 
229.324 

265.056 283.059 300.979 320.67 342.189 364.753 388.727 412.696 437.143 460.47 
482.881 502.926 521.114 536.261 548.663 557.632 563.642 566.854 568.283 569.113 
570.9 574.512 580.419 588.151 596.249 602.913 606.081 603.638 594.593 578.453 
555.639 527.611 495.466 461.393 426.389 392.472 359.529 329.727 301.353 277.547 
252.228 

282.489 304.39 326.088 350.224 376.834 405.129 435.541 466.546 498.41 529.222 
559.27 586.61 611.491 632.355 649.36 660.951 667.588 669.216 667.911 665.8 
665.862 670.23 680.035 694.153 710.394 725.029 734.462 735.158 725.391 704.635 
673.858 635.207 591.365 545.305 498.636 454.08 411.538 373.558 337.891 308.379 
276.976 

300.651 326.857 352.943 382.501 415.238 450.673 489.238 529.382 571.203 612.678 
653.651 691.894 727.357 757.693 782.032 797.88 804.676 802.507 794.44 784.967 
780.169 784.264 799.627 824.64 854.834 883.414 903.807 910.194 899.466 871.062 
827.55 773.15 711.724 648.41 585.495 526.71 471.633 423.386 378.683 342.165 
303.517 

319.133 350.266 381.507 417.223 457.288 501.651 550.577 602.64 658.14 714.379 
771.408 826.362 878.807 924.799 962.04 985.025 991.488 980.77 958.437 933.214 
916.512 917.924 941.824 985.314 1039.83 1092.62 1131.7 1147.04 1133.91 1092.91 
1028.93 949.395 862.092 774.029 688.849 611.092 539.923 478.824 423.355 378.53 
331.504 

337.541 373.995 410.95 453.759 502.46 557.369 619.2 686.641 760.18 837.218 
917.876 998.749 1078.89 1152.28 1212.39 1248.62 1253.99 1226.82 1175.76 1118.24 
1076.65 1069.72 1107.05 1182.76 1279.66 1374.24 1444.84 1474.43 1455.8 1392 
1293.84 1175.76 1049.34 926.06 810.502 707.937 616.602 539.675 471.395 416.989 
360.569 

355.439 397.516 440.604 491.318 549.728 617.008 694.414 781.203 878.54 984.147 
1099.12 1220.08 1346.05 1466.73 1568.58 1628.88 1632.21 1573.48 1469.04 1350.67 
1259.21 1233.5 1292.59 1424.67 1595.41 1760.82 1882.7 1932.27 1900.57 1796.23 
1641.2 1462.29 1278.94 1106.35 950.637 816.331 700.395 604.889 521.88 456.661 
390.148 

372.084 419.84 469.142 528.19 597.185 678.285 773.72 883.897 1011.3 1155.38 
1319.17 1501.62 1701.83 1904.52 2079.42 2183.22 2182.15 2066.86 1867.82 1640.59 
1457.77 1393.52 1488.76 1719 2015.2 2298.56 2500.98 2575.97 2514.06 2337.41 
2090.42 1818.24 1552.89 1314.51 1107.09 934.308 789.137 672.591 573.358 496.533 
419.666 

387.006 439.959 495.527 562.781 642.658 738.523 853.619 990.413 1154.02 1346.93 
1577.45 1849.87 2167.09 2503.6 2801.51 2977.91 2967.13 2757.65 2400.52 1994.21 
1655.72 1520.09 1676.33 2071.55 2571.1 3039.61 3362.28 3466.96 3342.42 3041.8 
2649.54 2243.27 1867.08 1543.91 1274.47 1056.63 879.476 739.712 623.94 534.813 
448.383 

399.231 456.846 517.947 592.885 683.135 793.161 928.286 1093.13 1296.7 1547 
1861.93 2256.96 2744.09 3282.58 3768.6 4052.16 4022.53 3663.22 3069.88 2401.09 
1825.85 1567.84 1823.62 2477.33 3279.88 4014.06 4501.58 4631.53 4396.98 3904.07 
3304.23 2717.61 2203.77 1781.21 1442.26 1176.41 965.866 803.129 670.938 570.306 
475.266 

408.393 469.432 535.211 616.452 715.378 837.899 990.924 1181.92 1424.74 1735.02 
2143.96 2686.55 3388.02 4188.85 4915.29 5333.69 5272.17 4712.98 3817.15 2819.84 
1933.8 1484.43 1894.48 2904.8 4093.82 5155.64 5838.38 5982.43 5590.79 4845 
3988.6 3194.76 2530.26 2004.36 1595.82 1283.81 1042.1 858.287 711.672 600.884 
499.425 

413.796 476.762 545.68 631.168 736.291 867.787 1034.12 1245.33 1520.17 1882.18 
2378.13 3064.39 3982.98 5048.48 6012.67 6559.15 6458.6 5695.17 4496.81 3173.78 
1954.59 1239.24 1871.46 3280.34 4858.36 6238.13 7102.32 7250.12 6692.83 5692.88 
4587.65 3599.67 2800.17 2184.83 1718.31 1368.06 1101.68 900.986 743.502 624.78 
519.925 

414.961 478.312 548.629 635.814 743.788 879.299 1052.15 1273.96 1566.57 1960.27 
2513.16 3299.05 4369.06 5616.2 6737.76 7363.63 7232.27 6326.83 4922.46 3374.26 
1898.55 873.902 1783.97 3510.66 5358.26 6949.53 7928.91 8073.3 7404.8 6235.25 
4967.1 3853.55 2967.43 2295.93 1793.3 1419.9 1138.51 927.691 763.99 640.595 
535.621 

411.779 473.876 543.439 629.698 736.59 870.691 1042.05 1262.5 1554.81 1951.45 
2514.22 3321.69 4424.55 5707.15 6854.57 7488.18 7344.64 6411.3 4965.54 3367.69 
1814.17 603.265 1706.24 3533.33 5439.4 7067.13 8062.39 8202.11 7515.08 6321 
5030.51 3898.37 2999.71 2319.35 1810.58 1432.94 1148.99 935.968 771.773 647.249 
545.695 

404.265 463.54 530.597 613.307 715.343 842.915 1005 1212.47 1486.37 1856.53 
2379.18 3122.99 4128.9 5290.45 6324.42 6892.08 6761.18 5920.92 4614.97 3160.66 
1750.02 750.835 1689.41 3340.79 5075.32 6554.53 7461.94 7600.39 6995.01 5929.61 
4763.66 3726.74 2892.21 2251.76 1768.39 1405.95 1132.37 925.324 766.316 644.47 
549.388 

392.618 447.886 510.86 587.75 682.117 798.666 945.464 1131 1372.78 1694.73 
2140.11 2758.72 3574.72 4501.43 5321.12 5772.24 5673.91 5016.38 3982.73 2815.8 
1710.88 1069.65 1706.94 2991.23 4382.28 5578.48 6322.23 6458.36 6007.5 5178.54 
4241.87 3381.76 2668.39 2106.39 1673.67 1343.13 1090.73 897.081 748.198 632.553 
546.301 

377.375 427.77 485.454 554.988 639.617 742.613 870.335 1029.09 1231.89 1495.3 
1848.74 2321.15 2921.25 3584.77 4165.8 4488.2 4428.12 3977.41 3251.54 2420.13 
1662.73 1297.36 1697.4 2580.4 3576.93 4446.87 5001.55 5130.12 4843.82 4272.95 
3593.69 2938.11 2371.3 1908 1540.61 1252.69 1029.1 854.183 719.151 612.487 
536.523 

359.167 404.316 456.038 517.446 591.236 679.585 787.26 918.242 1081.52 1287.29 
1553.28 1893.36 2306.48 2748.83 3130.96 3345.46 3317.01 3038.05 2575.31 2040.66 
1575.66 1384.11 1628.12 2185.49 2840.72 3424.82 3809.71 3921.5 3760.84 3399.29 
2940.86 2472.77 2047.2 1683.82 1385.63 1144.59 953.383 800.351 681.432 585.606 
520.512 

338.801 378.738 424.199 477.283 540.291 614.245 702.772 807.885 935.597 1091.43 
1285.13 1521.78 1796.81 2081.68 2324.29 2463.78 2456.65 2297.78 2025.15 1709.88 
1448.45 1356.83 1505.27 1840.95 2248.04 2619.89 2873.76 2961.05 2877.5 2658.45 
2361.47 2039.94 1732.7 1458.11 1224.33 1028.93 870.147 739.904 637.668 553.649 
499.151 

317.173 351.881 391.363 436.603 489.403 550.306 621.689 704.483 802.625 918.631 
1057.46 1220.06 1401.41 1584.1 1738.02 1829.94 1835.88 1753.21 1603.99 1431.96 
1296.29 1258.49 1350.55 1548.9 1793.92 2022.8 2184.2 2246.8 2204.13 2072.47 
1882.76 1666.34 1449.45 1246.84 1068.12 913.48 784.769 676.369 590.39 518.265 
473.583 

295.009 324.962 358.796 396.857 440.623 490.069 547.014 611.619 686.31 772.151 
871.28 983.372 1104.1 1222.88 1322.81 1386.03 1399.57 1362.66 1288.13 1201.95 
1137.68 1127.55 1186.48 1304.01 1449.4 1587.48 1687.21 1728.72 1705.89 1625.51 
1503.79 1358.28 1206.63 1059.18 924.59 804.245 701.741 613.044 542.108 481.138 
445.12 

272.988 298.703 327.436 359.165 395.197 435.032 480.249 530.46 587.228 650.846 
722.252 800.5 882.548 962.071 1029.36 1075.21 1092.49 1081.44 1049.37 1011.35 
985.493 988.653 1027.91 1098.57 1184.74 1267.16 1327.35 1353.07 1339.32 1288.38 
1208.75 1110.4 1004.22 897.301 796.896 704.325 623.644 552.189 494.308 443.59 
414.946 

251.64 273.564 297.84 324.173 353.686 385.781 421.549 460.671 504.052 551.681 
603.745 659.516 716.778 772.079 819.458 854.491 872.98 875.779 866.547 854.151 
847.84 856.604 883.817 927.473 978.963 1027.99 1063.61 1078.35 1068.54 1034.83 
981.429 913.708 838.84 761.184 686.409 615.449 552.519 495.351 448.605 406.896 
384.22 

231.407 250.068 270.549 292.366 316.514 342.418 370.866 401.58 434.948 470.988 
509.609 550.354 591.585 631.415 666.252 693.95 712.083 721.346 723.702 724.015 
726.983 737.634 757.157 784.92 816.08 845.264 865.904 873.624 865.705 842.167 
805.176 757.782 704.291 647.532 591.706 537.537 488.583 443.18 405.72 371.607 
353.895 

212.469 228.307 245.561 263.642 283.47 304.39 327.182 351.355 377.394 405.145 
434.418 464.977 495.546 525.358 551.903 574.442 591.253 603.127 610.619 616.871 
623.727 634.318 648.796 667.189 686.426 703.88 715.532 718.882 712.061 694.933 
668.572 634.511 595.655 553.785 511.881 470.334 432.237 396.315 366.313 338.677 
324.763 

195.08 208.509 223.075 238.115 254.447 271.51 289.88 309.167 329.779 351.47 
374.113 397.572 420.84 443.808 464.621 483.193 498.234 510.438 519.766 528.183 
536.236 545.914 556.929 569.44 581.597 592.103 598.418 599.298 593.23 580.223 
560.767 535.906 507.289 476.027 444.315 412.393 382.811 354.345 330.508 308.083 
297.288 

179.135 190.505 202.807 215.344 228.883 242.846 257.802 273.401 289.847 307.142 
324.913 343.43 361.712 379.779 396.5 412.038 425.205 436.794 446.269 455.093 
463.034 471.555 480.091 489.097 496.94 503.351 506.601 506.062 500.7 490.63 
475.967 457.256 435.759 412.134 387.858 363.201 340.014 317.516 298.382 280.308 
271.757 

164.774 174.391 184.839 195.344 206.634 218.204 230.511 243.25 256.615 270.629 
284.9 299.67 314.28 328.84 342.482 355.49 366.8 377.256 386.055 394.38 
401.676 409.066 415.64 422.209 427.449 431.448 432.845 431.588 426.898 418.874 
407.527 393.36 377.002 358.897 340.192 321.035 302.83 284.95 269.728 255.191 
248.398 

151.691 159.799 168.663 177.5 186.978 196.592 206.802 217.339 228.322 239.81 
251.43 263.57 275.415 287.508 298.725 309.745 319.482 328.725 336.636 344.242 
350.719 356.963 362.338 367.304 370.891 373.399 373.86 372.385 368.205 361.78 
352.82 341.848 329.078 315.066 300.498 285.418 271.015 256.77 244.597 232.844 
227.438 

140.001 146.845 154.407 161.873 169.892 177.988 186.564 195.377 204.558 214.11 
223.756 233.865 243.7 253.746 263.063 272.433 280.77 288.844 295.75 302.354 
307.971 313.271 317.462 321.376 323.838 325.455 325.356 323.816 320.191 314.994 
307.816 299.184 289.201 278.207 266.668 254.83 243.413 232.127 222.311 212.863 
208.568 

129.198 134.922 141.356 147.652 154.448 161.259 168.502 175.926 183.653 191.695 
199.843 208.334 216.63 225.194 233.141 241.239 248.522 255.521 261.667 267.605 
272.418 277.046 280.615 283.708 285.579 286.74 286.341 284.918 281.834 277.48 
271.63 264.699 256.683 247.966 238.798 229.316 220.161 211.052 203.131 195.525 
192.056 

119.483 124.272 129.757 135.091 140.899 146.703 152.91 159.247 165.881 172.763 
179.731 187.021 194.128 201.488 208.31 215.338 221.638 227.851 233.132 238.283 
242.539 246.479 249.381 251.957 253.291 254.026 253.482 252.226 249.543 245.946 
241.133 235.601 229.088 222.112 214.742 207.249 199.828 192.492 186.168 180.14 
177.376 

109.563 113.456 118.021 122.423 127.293 132.102 137.322 142.633 148.255 154.111 
160.113 166.441 172.678 179.235 185.416 191.846 197.612 203.469 208.536 213.487 
217.439 221.281 224.034 226.52 227.885 228.735 228.392 227.338 225.105 222.09 
218.072 213.382 207.948 202.147 195.908 189.579 183.369 177.267 172.039 167.032 
164.687 

