result_deltaT.grd
DSAA
41 41
-250 1750
-250 1750
-6813.99616008 883.13675396
87.9 91.94 95.7 99.05 101.9 104 105.4 105.9 105.4 103.8 
101.1 97.38 92.61 86.91 80.39 73.19 65.43 57.26 48.79 40.11 
31.32 22.49 13.72 5.103 -3.253 -11.21 -18.64 -25.4 -31.35 -36.41 
-40.5 -43.6 -45.71 -46.9 -47.23 -46.83 -45.8 -44.26 -42.33 -40.12 
-37.73 

95.76 100.6 105.1 109.2 112.7 115.5 117.3 118.1 117.7 115.9 
112.9 108.5 102.9 96.19 88.52 80.07 71.03 61.55 51.79 41.83 
31.77 21.69 11.65 1.766 -7.835 -16.99 -25.53 -33.25 -40 -45.63 
-50.06 -53.26 -55.26 -56.14 -56 -55 -53.29 -51.03 -48.37 -45.44 
-42.36 

104.3 110.1 115.6 120.6 125 128.5 130.9 132.1 131.7 129.8 
126.3 121.1 114.4 106.4 97.3 87.3 76.69 65.66 54.39 42.98 
31.49 19.97 8.486 -2.868 -13.94 -24.53 -34.4 -43.29 -50.96 -57.25 
-62.02 -65.26 -67 -67.37 -66.54 -64.71 -62.08 -58.87 -55.26 -51.43 
-47.5 

113.7 120.6 127.2 133.4 138.8 143.3 146.4 148.1 147.9 145.8 
141.6 135.4 127.3 117.6 106.6 94.64 82.09 69.22 56.21 43.16 
30.07 16.96 3.831 -9.234 -22.06 -34.39 -45.89 -56.2 -64.99 -72 
-77.09 -80.23 -81.51 -81.11 -79.27 -76.27 -72.41 -67.94 -63.12 -58.14 
-53.17 

123.9 132.1 140.1 147.6 154.4 160.1 164.2 166.5 166.5 164.1 
159 151.4 141.5 129.5 116.1 101.6 86.71 71.63 56.63 41.77 
26.97 12.12 -2.851 -17.91 -32.86 -47.33 -60.87 -72.94 -83.07 -90.9 
-96.24 -99.08 -99.56 -97.97 -94.67 -90.06 -84.53 -78.42 -72.05 -65.64 
-59.38 

134.8 144.6 154.3 163.5 172 179.2 184.6 187.7 188 185.2 
179 169.5 157 142 125.3 107.6 89.62 71.91 54.69 37.92 
21.37 4.711 -12.29 -29.67 -47.21 -64.41 -80.54 -94.85 -106.6 -115.4 
-120.8 -123 -122.1 -118.8 -113.4 -106.5 -98.73 -90.48 -82.12 -73.94 
-66.12 

146.6 158.2 169.9 181.3 191.8 200.9 207.9 212.1 212.9 209.5 
201.8 189.7 173.6 154.4 133.2 111.2 89.37 68.52 48.89 30.27 
12.1 -6.293 -25.45 -45.58 -66.37 -87.09 -106.7 -123.9 -137.7 -147.4 
-152.6 -153.5 -150.6 -144.5 -136.1 -126.1 -115.3 -104.3 -93.41 -83.03 
-73.34 

159 172.9 187 200.9 214 225.6 234.7 240.5 241.7 237.7 
227.8 212 190.9 165.8 138.3 110.3 83.56 59 36.94 16.82 
-2.487 -22.29 -43.66 -67.03 -92.04 -117.5 -141.7 -162.8 -179.2 -189.8 
-194.3 -192.9 -186.6 -176.5 -163.7 -149.5 -134.6 -119.9 -105.9 -92.84 
-80.91 

172.1 188.5 205.4 222.4 238.8 253.5 265.5 273.2 275.2 270.2 
257.3 236.3 208 174.3 137.8 101.6 68.31 39.45 15.26 -5.427 
-24.76 -45.18 -68.63 -95.98 -126.7 -158.8 -189.5 -216 -235.5 -246.7 
-249.3 -244.1 -232.5 -216.3 -197.3 -177.1 -156.9 -137.5 -119.5 -103.2 
-88.68 

185.5 204.8 225.1 245.8 266.2 285 300.6 311 314.2 308 
290.8 262.1 223.2 176.8 127.3 79.38 37.38 3.702 -21.61 -40.88 
-58.05 -77.48 -102.6 -135 -173.8 -215.6 -255.8 -289.6 -313.1 -324.2 
-323 -311 -291 -265.7 -237.8 -209.5 -182.2 -156.9 -134.1 -113.9 
-96.36 

199.1 221.7 245.8 270.9 296.2 320 340.4 354.6 359.4 351.5 
328.3 288.6 233.8 168.4 99.27 34.38 -19.3 -57.98 -82.05 -96 
-106.9 -122.5 -148.6 -187.9 -238.6 -295.2 -349.6 -393.7 -421.7 -431 
-422.2 -398.9 -365.6 -326.7 -286.3 -246.9 -210.4 -177.7 -149.1 -124.5 
-103.6 

212.5 238.6 267 297.3 328.4 358.5 385 404.2 411.4 401.5 
369.7 313.7 235.1 140.6 41.61 -48.4 -117.9 -160.8 -178.7 -180 
-177.4 -184.1 -210.2 -259.6 -329.2 -408.9 -484.9 -543.7 -576.4 -579.8 
-556.9 -514.4 -460.2 -401.4 -343.3 -289.2 -241.1 -199.3 -163.9 -134.3 
-109.8 

225 254.9 288.1 324.1 362 399.8 434.1 460 470.8 458.2 
414.4 334.3 219.2 79.51 -65.64 -193.3 -283.8 -328 -330 -305.6 
-277.1 -267 -291.7 -357.5 -457.9 -574.9 -684.3 -763.7 -799.2 -788.6 
-739.6 -665.2 -578.8 -490.9 -408.6 -335.5 -272.9 -220.6 -177.6 -142.6 
-114.4 

236.2 269.9 308.1 350.4 396 442.7 486.6 521.2 536.9 521.2 
460.5 344.5 173.3 -37.17 -254.6 -438.9 -556.8 -594.3 -561.7 -488.8 
-414.3 -375.3 -398.1 -491.8 -644.1 -822.3 -983.8 -1091 -1123 -1082 
-986 -859.3 -723.9 -594.9 -480.5 -383.6 -303.9 -239.7 -188.7 -148.3 
-116.6 

245.3 282.7 325.8 374.6 428.4 485.1 540.3 585.8 608.3 588.8 
504.5 335.6 77.91 -244.1 -575 -844.3 -995 -1008 -906.3 -747.2 
-595.8 -511.1 -534 -677.3 -917.6 -1196 -1438 -1580 -1593 -1490 
-1311 -1102 -894.6 -709.8 -554.8 -429.6 -331.1 -254.5 -195.5 -150.2 
-115.5 

251.6 292.3 339.8 394.8 456.8 524 591.6 649.8 680.9 657.1 
541 295.3 -94.21 -590.6 -1098 -1491 -1675 -1624 -1396 -1093 
-821.6 -671.5 -702.3 -932.6 -1321 -1762 -2124 -2301 -2260 -2040 
-1724 -1388 -1082 -826.6 -623.8 -467.9 -350.2 -262 -196.2 -147.1 
-110.4 

254.5 297.6 348.8 409 478.4 555.6 635.6 707.3 748.3 719.4 
562.3 210.2 -372.5 -1132 -1901 -2465 -2667 -2487 -2042 -1517 
-1076 -842.8 -899.6 -1275 -1899 -2591 -3121 -3322 -3160 -2736 
-2207 -1697 -1266 -929.3 -676.3 -490.9 -356.3 -259.1 -188.7 -137.7 
-100.5 

253.3 297.9 351.4 415.3 490.3 575.4 666.2 750.4 801 766.6 
561.7 75.93 -764.8 -1884 -3006 -3777 -3960 -3555 -2788 -1965 
-1317 -996 -1107 -1697 -2660 -3697 -4435 -4624 -4247 -3515 
-2699 -1977 -1411 -994.8 -698.2 -490 -344.7 -243.1 -171.7 -121.3 
-85.38 

247.9 292.6 346.8 412.2 489.9 579.8 677.6 770.7 829 789.4 
538.7 -85.02 -1208 -2730 -4234 -5203 -5315 -4609 -3462 -2321 
-1476 -1085 -1275 -2121 -3478 -4896 -5837 -5962 -5295 -4195 
-3072 -2150 -1471 -997.6 -675.5 -458.2 -311.6 -212.2 -144.3 -97.52 
-65.11 

238.2 281.6 334.6 398.9 476.1 566.3 665.8 762.3 824.3 782.3 
503.6 -213.8 -1540 -3356 -5124 -6201 -6210 -5238 -3794 -2434 
-1472 -1058 -1327 -2377 -4035 -5726 -6783 -6814 -5889 -4501 
-3167 -2130 -1403 -917.9 -599.7 -392 -256.1 -166.4 -106.9 -67.02 
-40.16 

224.5 265.4 315.4 376.1 449.3 535.1 630.5 724 785.4 746.6 
473.4 -243.9 -1587 -3428 -5197 -6227 -6148 -5076 -3568 -2197 
-1259 -881.1 -1191 -2291 -3999 -5710 -6733 -6683 -5666 -4218 
-2879 -1874 -1193 -752.5 -472 -294 -180.6 -108 -61.3 -31.1 
-11.58 

207.7 245 290.3 345.4 411.6 489.2 575.5 660.6 718.4 690.3 
461 -149.3 -1294 -2855 -4335 -5165 -5043 -4088 -2787 -1632 
-859.3 -567.4 -860 -1823 -3292 -4738 -5576 -5491 -4592 -3353 
-2233 -1410 -865.2 -520.1 -305.6 -173.2 -91.52 -41.27 -10.48 8.147 
19.15 

188.6 221.5 261.3 309.4 366.7 433.7 507.9 581.6 634.8 624.1 
466.8 38.73 -759.1 -1835 -2839 -3382 -3268 -2587 -1681 -884.5 
-360.3 -176.1 -403.1 -1093 -2123 -3121 -3688 -3618 -2994 -2147 
-1389 -839.1 -479.4 -256.6 -122.4 -43.22 2.595 28.26 41.83 48.19 
50.28 

168.3 196.5 230.3 270.8 318.8 374.3 435.8 497.8 547.2 557 
478.9 247.1 -183 -751.6 -1271 -1540 -1459 -1082 -590.5 -158.7 
121.6 209 65.2 -328.7 -895.2 -1436 -1742 -1709 -1389 -953.9 
-564.9 -285.2 -107.7 -3.814 52.86 80.97 92.46 94.63 91.78 86.43 
80.02 

147.8 171.3 199.3 232.5 271.5 316.5 366.4 418.4 465.2 493.5 
481.7 404.1 249.4 47.48 -128.4 -203.8 -146.3 17.39 218 389.3 
494.5 515.8 439.5 265.4 30.85 -186.3 -309.3 -304.3 -196 -50.3 
74.08 154.2 193.7 205.3 200.5 187.1 170.3 152.8 136 120.6 
106.8 

128 147.3 170 196.7 227.9 263.9 304.5 348.6 393.5 434.8 
466.1 481.4 480.4 473.3 476.8 504.1 555.4 618.1 674.1 710.5 
722.7 710.4 674.5 619.3 557.4 506.6 479.7 476.8 485.2 487.6 
473.3 442.2 400.4 354.5 309.5 268 231.3 199.4 172.2 149.1 
129.5 

109.6 125.2 143.4 164.7 189.6 218.6 252 290.1 333 380.7 
433.4 491.5 556.1 626.8 699.9 767.5 819.7 849.1 854.7 842.2 
820.4 798.3 782.5 777.1 782.8 795.8 806.8 804.9 781.5 734.6 
669.1 593.6 516.5 443.8 378.5 321.8 273.6 233.1 199.2 170.9 
147.3 

93.09 105.5 120.1 137.2 157.2 180.9 208.9 242.3 282.5 331.1 
390.1 460.9 543.4 633.5 722.2 798 850 873.2 870.4 850.6 
825.5 806.1 800.1 810.6 834.5 863 883.1 882.8 855.4 801.7 
728.7 646.1 562.3 483.4 412.6 351 298.4 254.1 217 186 
160.1 

78.57 88.57 100.3 114.1 130.5 150.2 174.2 203.7 240.4 286.2 
343 411.8 491.3 576.7 659.7 730.1 779.3 803.7 805.8 793.2 
776 763.7 763.2 776.6 800.6 827.1 845.3 845.4 821.9 775.5 
711.6 637.7 561.2 487.5 420 360.1 308.3 263.9 226.4 194.8 
168.1 

66.1 74.19 83.72 95.08 108.8 125.5 146.3 172.3 205.1 246.3 
297.2 358 427.2 500.4 571.2 632 676.7 702.5 711.2 708 
700.4 695.6 698.6 711 730.4 750.7 764.2 763.8 745.4 708.8 
657.6 597 532.6 468.9 409 354.7 306.6 264.8 228.8 198 
171.8 

55.57 62.21 70.12 79.65 91.32 105.8 123.9 146.8 175.6 211.5 
255.2 306.6 364.2 424.5 482.7 533.7 573.1 599.1 612.4 616.8 
617 618 623.4 634.3 649.1 663.7 672.9 671.8 657.6 629.7 
590.2 542.5 490.5 437.7 386.9 339.6 296.8 258.9 225.6 196.8 
171.8 

46.79 52.35 59.04 67.2 77.3 89.91 105.8 125.8 150.7 181.4 
218.2 260.8 307.8 356.6 403.9 446.1 480.4 505.2 521.2 530.3 
535.8 540.9 547.8 557.4 568.7 579.1 585.2 583.7 572.7 551.6 
521.5 484.6 443.6 400.9 358.8 318.8 281.8 248.3 218.4 192 
168.9 

39.54 44.28 50.05 57.15 66 77.08 90.98 108.3 129.8 155.8 
186.5 221.4 259.5 298.9 337.2 372.1 401.6 424.6 441.4 453.1 
461.7 469.2 477 485.7 494.6 502.2 506.3 504.7 496.2 480.2 
457.4 429 396.8 362.8 328.5 295.2 263.7 234.8 208.4 184.8 
163.8 

33.59 37.71 42.76 49.03 56.84 66.61 78.78 93.83 112.2 134.1 
159.6 188.2 219.1 251 282.2 311.1 336.4 357.2 373.7 386.4 
396.5 405.2 413.4 421.3 428.7 434.5 437.4 436 429.4 417.2 
399.8 378 352.9 325.9 298.2 270.7 244.4 219.6 196.8 175.9 
157.2 

28.72 32.36 36.85 42.42 49.36 57.99 68.65 81.67 97.33 115.8 
136.9 160.5 185.7 211.6 237.2 261.3 282.9 301.5 317 329.7 
340.2 349.3 357.5 364.9 371.2 375.9 378.2 377.1 372 362.7 
349.4 332.5 312.9 291.5 269.2 246.7 224.8 203.9 184.2 166 
149.4 

24.74 27.99 32.02 37.02 43.2 50.84 60.17 71.43 84.81 100.4 
118 137.4 158.1 179.4 200.6 220.7 239.2 255.6 269.8 281.9 
292.3 301.3 309.1 316 321.6 325.7 327.6 326.8 323 315.9 
305.7 292.6 277.3 260.3 242.3 224 205.8 188.2 171.4 155.7 
141.1 

21.48 24.42 28.06 32.56 38.09 44.85 53.02 62.78 74.22 87.37 
102.1 118.3 135.4 153.1 170.6 187.6 203.4 217.8 230.6 241.9 
251.7 260.2 267.7 274 279.1 282.7 284.5 284.1 281.2 275.8 
267.9 257.8 245.7 232.2 217.8 202.8 187.8 173 158.8 145.3 
132.6 

18.8 21.48 24.79 28.85 33.8 39.8 46.97 55.43 65.25 76.42 
88.86 102.4 116.7 131.4 146.1 160.5 174.1 186.7 198.1 208.3 
217.4 225.3 232.2 238.1 242.7 246 247.8 247.7 245.6 241.6 
235.5 227.6 218.1 207.3 195.6 183.4 171 158.7 146.6 135 
124 

16.6 19.05 22.07 25.74 30.18 35.51 41.81 49.18 57.63 67.17 
77.7 89.09 101.1 113.5 125.9 138.2 149.9 160.8 171 180.2 
188.4 195.7 202.1 207.4 211.7 214.8 216.5 216.7 215.3 212.2 
207.5 201.3 193.8 185.2 175.8 165.8 155.6 145.3 135.1 125.2 
115.7 

14.77 17.03 19.78 23.11 27.1 31.84 37.4 43.82 51.14 59.32 
68.3 77.97 88.15 98.64 109.2 119.7 129.8 139.4 148.3 156.5 
164 170.6 176.4 181.3 185.2 188 189.7 190.2 189.3 187 
183.4 178.6 172.6 165.7 158.1 150 141.5 132.8 124.2 115.8 
107.6 

13.25 15.33 17.85 20.87 24.47 28.69 33.6 39.22 45.58 52.63 
60.34 68.6 77.28 86.24 95.29 104.3 113 121.4 129.3 136.6 
143.2 149.2 154.4 158.9 162.5 165.2 166.9 167.5 167 165.3 
162.6 158.8 154.1 148.6 142.4 135.7 128.7 121.4 114.2 107 
99.92 

