result_deltaT_NSS.grd
DSAA
41 41
-250 1750
-250 1750
0.103251 48.482
0.148042 0.175372 0.16094 0.167563 0.176864 0.173697 0.187463 0.179918 0.1942 0.186266 
0.196037 0.188292 0.192367 0.186184 0.195608 0.191933 0.208631 0.20681 0.223076 0.223296 
0.237054 0.241137 0.251519 0.259904 0.268316 0.278928 0.28612 0.296093 0.299507 0.304522 
0.302851 0.304601 0.29762 0.291471 0.281678 0.271858 0.258081 0.246197 0.223464 0.218124 
0.103251 

0.262727 0.27083 0.256508 0.281518 0.299151 0.318673 0.341278 0.354406 0.37493 0.37547 
0.393904 0.389653 0.398353 0.391692 0.394501 0.38872 0.387876 0.385048 0.382844 0.385019 
0.382331 0.388855 0.388013 0.397043 0.396979 0.406784 0.405643 0.41268 0.408677 0.410064 
0.400639 0.392399 0.379019 0.363556 0.34323 0.323915 0.298253 0.278939 0.241128 0.245433 
0.131582 

0.25769 0.278582 0.255535 0.272904 0.295435 0.308367 0.338066 0.352474 0.378396 0.388853 
0.416143 0.420326 0.439641 0.443696 0.456953 0.459218 0.465524 0.467688 0.469887 0.472553 
0.47349 0.477137 0.475888 0.479773 0.476241 0.477675 0.470963 0.466585 0.455479 0.443274 
0.42785 0.410564 0.389634 0.366891 0.345539 0.320472 0.296136 0.276384 0.238404 0.257961 
0.156647 

0.302498 0.331756 0.306244 0.333395 0.356925 0.381571 0.415805 0.438322 0.471927 0.491229 
0.518895 0.531227 0.552944 0.560032 0.571972 0.575841 0.581083 0.584448 0.586559 0.591545 
0.592106 0.598254 0.599442 0.605284 0.60467 0.606447 0.600908 0.594545 0.582074 0.565427 
0.544919 0.516638 0.493774 0.456931 0.429172 0.389618 0.359675 0.324228 0.281858 0.29673 
0.182344 

0.309749 0.358762 0.329887 0.359101 0.389321 0.418492 0.460248 0.492296 0.534167 0.562976 
0.601806 0.622703 0.655466 0.668416 0.688998 0.694285 0.704087 0.707893 0.710342 0.713475 
0.715844 0.720831 0.722505 0.727398 0.725808 0.725163 0.71625 0.702845 0.683784 0.656191 
0.630035 0.590292 0.555197 0.508441 0.475855 0.42515 0.392372 0.349609 0.303563 0.327532 
0.209443 

0.34375 0.417574 0.38156 0.426874 0.463498 0.502177 0.556167 0.595359 0.65303 0.691218 
0.740011 0.772456 0.808669 0.826509 0.847565 0.855331 0.86269 0.863113 0.867112 0.869175 
0.873788 0.880285 0.887238 0.895315 0.900614 0.899575 0.895531 0.876976 0.85836 0.81846 
0.782722 0.726561 0.687991 0.622322 0.576348 0.50833 0.467239 0.4048 0.355051 0.369261 
0.237734 

0.355474 0.45988 0.420914 0.48056 0.518649 0.57523 0.637922 0.695416 0.770985 0.822646 
0.893701 0.937208 0.987446 1.01297 1.04045 1.04785 1.05579 1.05092 1.05357 1.05147 
1.058 1.06444 1.07649 1.08705 1.09763 1.09865 1.09228 1.06525 1.04007 0.984229 
0.940044 0.863531 0.804375 0.720512 0.663844 0.574843 0.530978 0.451234 0.394758 0.414361 
0.277005 

0.386505 0.527587 0.484241 0.562123 0.612114 0.686393 0.768194 0.849606 0.941287 1.01704 
1.10663 1.16571 1.23156 1.26381 1.29593 1.29356 1.30009 1.2867 1.28717 1.28191 
1.2902 1.30093 1.32125 1.34424 1.36722 1.37598 1.37616 1.34759 1.31094 1.23814 
1.16911 1.06793 0.997776 0.875197 0.807176 0.687785 0.62759 0.521274 0.459663 0.464975 
0.32916 

0.400874 0.587581 0.535155 0.64022 0.70193 0.798657 0.908438 1.01123 1.13767 1.24377 
1.36817 1.4552 1.54663 1.59159 1.62781 1.61912 1.61677 1.5866 1.58168 1.56884 
1.57738 1.58945 1.62047 1.65913 1.70333 1.72215 1.73281 1.68908 1.63941 1.53777 
1.44917 1.30388 1.19614 1.04505 0.946361 0.800835 0.720228 0.593354 0.519015 0.525966 
0.393698 

0.425714 0.669212 0.612642 0.74806 0.826061 0.95688 1.09466 1.23538 1.40899 1.55647 
1.72708 1.84549 1.97205 2.02709 2.07295 2.04806 2.02549 1.97231 1.95811 1.9369 
1.94189 1.95736 2.00486 2.08111 2.15958 2.20838 2.23155 2.18349 2.10878 1.97008 
1.82929 1.6388 1.48927 1.27823 1.14557 0.957972 0.85015 0.686719 0.601101 0.591559 
0.474093 

0.443009 0.749042 0.681524 0.855434 0.956826 1.12547 1.306 1.5036 1.73595 1.94679 
2.18985 2.37353 2.55206 2.63567 2.68918 2.63474 2.58149 2.48185 2.45763 2.42294 
2.40928 2.41009 2.481 2.61695 2.77216 2.86613 2.90611 2.83969 2.733 2.52298 
2.32449 2.04931 1.82273 1.55343 1.36712 1.12573 0.985493 0.791834 0.676902 0.672864 
0.561361 

0.468118 0.840148 0.774167 0.993223 1.12028 1.34142 1.58061 1.84492 2.16528 2.47141 
2.81725 3.0905 3.35792 3.48659 3.5482 3.4511 3.32749 3.1683 3.12739 3.07654 
3.01582 2.96882 3.0673 3.34057 3.6248 3.80297 3.8751 3.7888 3.62177 3.31195 
2.99318 2.61343 2.28698 1.9192 1.6493 1.34788 1.15763 0.917068 0.778442 0.756762 
0.663039 

0.481053 0.932327 0.862922 1.12958 1.29556 1.58261 1.89359 2.26091 2.70696 3.14897 
3.6607 4.09198 4.50191 4.71209 4.80135 4.62959 4.39345 4.11459 4.0647 3.99532 
3.81646 3.60754 3.76811 4.31914 4.84127 5.15069 5.26884 5.12817 4.84265 4.37254 
3.89773 3.32332 2.83964 2.35026 1.97099 1.59894 1.33148 1.06244 0.871343 0.855239 
0.766022 

0.504967 1.03683 0.969702 1.2943 1.50606 1.87064 2.28063 2.77611 3.39212 4.04022 
4.80236 5.47731 6.12448 6.49516 6.63084 6.36885 5.91982 5.48157 5.40417 5.29474 
4.91664 4.25765 4.58335 5.73039 6.62602 7.12997 7.3125 7.09475 6.62087 5.89626 
5.09468 4.29108 3.5745 2.89312 2.37082 1.89545 1.5423 1.22639 0.97762 0.95408 
0.872304 

0.514222 1.13502 1.06757 1.45946 1.71949 2.18433 2.71357 3.38814 4.23888 5.19038 
6.32713 7.40964 8.46284 9.11315 9.38915 8.9805 8.22144 7.38652 7.34866 7.182 
6.50399 4.94526 5.78623 7.86244 9.28522 10.0767 10.3394 9.92586 9.11853 7.94275 
6.73513 5.505 4.42615 3.54082 2.80404 2.22414 1.75419 1.40837 1.07608 1.06471 
0.969841 

0.529357 1.23263 1.17724 1.63884 1.95832 2.53221 3.21069 4.09935 5.26128 6.63812 
8.33314 10.0661 11.7637 12.9577 13.4359 12.9295 11.6262 10.2508 10.107 9.81282 
8.8607 6.93905 8.2511 11.098 13.1652 14.4066 14.7453 14.0762 12.682 10.7706 
8.85672 7.00783 5.49393 4.27558 3.30276 2.58471 1.99152 1.58512 1.18906 1.16664 
1.05451 

0.530298 1.31057 1.279 1.79737 2.19474 2.88224 3.72977 4.87907 6.43829 8.37719 
10.8744 13.5774 16.3371 18.3281 19.2426 18.6411 16.587 14.3387 13.9271 13.312 
12.0973 10.617 12.2177 15.6681 18.6204 20.4677 20.9096 19.8682 17.5014 14.4732 
11.4419 8.81941 6.67875 5.08104 3.81177 2.95208 2.19969 1.77163 1.26444 1.26814 
1.09633 

0.524777 1.39494 1.36465 1.96834 2.41251 3.23495 4.245 5.69412 7.68385 10.3303 
13.8523 17.9187 22.1688 25.3284 26.8735 26.1423 23.3443 19.5762 18.7685 17.4992 
16.0069 15.0301 17.1331 21.3968 25.5195 28.17 28.8665 27.2391 23.5057 18.9166 
14.43 10.7717 7.91327 5.89385 4.31184 3.29542 2.41007 1.93452 1.35214 1.3547 
1.12239 

0.505769 1.43883 1.44127 2.08768 2.59969 3.53005 4.70848 6.43073 8.88349 12.2723 
16.9598 22.6723 28.7262 33.2767 35.3294 34.5994 30.9644 25.8243 24.1662 21.8093 
19.8065 19.3213 22.083 27.3647 32.6551 36.1765 37.224 35.0631 29.8054 23.3651 
17.3074 12.6506 9.0668 6.61064 4.74112 3.57702 2.56878 2.05678 1.40648 1.42126 
1.10067 

0.468745 1.46862 1.49855 2.18335 2.74127 3.7606 5.05771 7.0139 9.83719 13.8768 
19.6191 26.8636 34.7476 40.6044 43.0799 42.3313 38.4669 33.0836 29.0224 25.0642 
22.4266 22.224 25.5971 31.8524 38.0883 42.1873 43.5783 41.1693 34.7788 26.8313 
19.4953 14.0258 9.8876 7.13576 5.05347 3.77578 2.68096 2.13526 1.43701 1.44843 
1.03951 

0.406686 1.46677 1.52389 2.222 2.81447 3.87211 5.24646 7.3294 10.3621 14.7924 
21.1571 29.3977 38.4623 45.354 48.254 47.6545 44.3033 38.4515 31.8017 26.232 
22.8399 22.6137 26.3563 33.4142 40.5329 44.8956 46.4311 44.206 37.7754 29.1033 
20.7904 14.7837 10.3498 7.36667 5.18558 3.84162 2.70401 2.15355 1.44854 1.4569 
0.943518 

0.34216 1.43925 1.52571 2.21934 2.81517 3.87267 5.24429 7.32836 10.3501 14.7846 
21.1377 29.4136 38.5145 45.4831 48.482 47.9435 44.9069 39.0028 31.3958 24.7854 
20.7869 20.3319 24.279 31.6794 39.038 43.4252 44.9297 43.2586 37.7346 29.3725 
21.1838 14.8692 10.2852 7.30392 5.1228 3.7914 2.67445 2.1319 1.43723 1.42219 
0.812649 

0.299644 1.38224 1.49467 2.15748 2.73372 3.75111 5.04268 7.00659 9.79715 13.8563 
19.5626 26.8768 34.7903 40.7511 43.1538 42.4332 39.6835 34.4957 27.9123 22.0311 
18.2472 17.6765 21.0752 27.6603 34.1452 37.9177 39.5493 38.3561 33.4191 26.5461 
19.6199 14.1052 9.90236 7.11894 4.99749 3.7468 2.63887 2.12551 1.43856 1.38566 
0.653927 

0.366561 1.31292 1.44241 2.05722 2.59694 3.52369 4.68967 6.42346 8.82619 12.2416 
16.8561 22.5987 28.5953 33.0126 34.7484 33.9662 31.1429 27.2932 23.4049 19.6038 
16.9106 16.4013 18.7562 23.6227 28.8251 32.639 34.5681 33.5069 29.0842 23.1453 
17.2867 12.7195 9.05212 6.62062 4.71438 3.57318 2.54757 2.05451 1.39544 1.32422 
0.463483 

0.413185 1.22431 1.36171 1.91726 2.40349 3.2206 4.21556 5.67875 7.61553 10.2865 
13.7171 17.7885 21.8856 24.8935 26.1517 25.479 23.1637 20.9754 18.8541 16.5627 
14.6224 14.016 15.7726 19.4211 23.2771 26.2559 27.5051 26.4688 23.1752 18.8679 
14.4479 10.8619 7.93837 5.94115 4.31765 3.3216 2.40381 1.9543 1.34054 1.27374 
0.23826 

0.450885 1.1345 1.27163 1.76032 2.18134 2.88067 3.69785 4.87486 6.35895 8.32814 
10.7186 13.4222 16.0139 17.9037 18.6733 18.0917 16.5104 15.4598 14.4225 13.1118 
11.582 10.6874 12.1577 14.9662 17.6204 19.5984 20.2829 19.5475 17.3672 14.5301 
11.4696 8.92799 6.7 5.14809 3.80994 2.99331 2.19955 1.81112 1.24553 1.20519 
0.248276 

0.466028 1.03623 1.16265 1.58701 1.94148 2.52139 3.17281 4.08765 5.18362 6.5832 
8.18095 9.90879 11.4818 12.5942 12.9795 12.505 11.5173 11.1277 10.6914 9.92004 
8.6029 7.23636 8.7699 11.0603 12.8456 14.1082 14.4757 14.0079 12.6413 10.8915 
8.87274 7.13666 5.51275 4.37115 3.30706 2.65909 1.97435 1.66698 1.14544 1.14052 
0.37572 

0.469675 0.941073 1.06309 1.41714 1.70981 2.18135 2.68519 3.37774 4.16941 5.13883 
6.18806 7.27151 8.1982 8.83037 8.97598 8.64786 8.09769 7.98939 7.81406 7.33455 
6.25152 4.15974 6.2409 8.06357 9.26932 10.0673 10.2639 9.98997 9.13106 8.07062 
6.74538 5.61776 4.45156 3.62627 2.79982 2.31237 1.73866 1.49694 1.02817 1.07118 
0.470679 

0.461275 0.842892 0.952713 1.2476 1.4859 1.85889 2.24669 2.76079 3.32453 3.99404 
4.67277 5.35667 5.90027 6.26373 6.30947 6.11385 5.81318 5.80792 5.73061 5.43746 
4.7138 3.61575 4.74253 5.94669 6.7305 7.24249 7.34319 7.19601 6.64723 6.00475 
5.13916 4.39888 3.57586 3.00238 2.35963 1.99616 1.51898 1.34952 0.908967 1.00601 
0.519593 

0.447576 0.759311 0.8527 1.09753 1.28821 1.57973 1.87554 2.25484 2.65233 3.11004 
3.55381 3.98742 4.31536 4.52157 4.52679 4.42901 4.27124 4.28852 4.25644 4.10105 
3.73397 3.42995 3.8484 4.49811 4.97305 5.29124 5.33498 5.25003 4.89182 4.4992 
3.91276 3.4424 2.84302 2.45497 1.95518 1.70377 1.29875 1.19272 0.799624 0.928441 
0.553484 

0.423623 0.671215 0.754197 0.950682 1.10649 1.32995 1.55364 1.83127 2.11378 2.43123 
2.72673 3.00749 3.2067 3.34598 3.34222 3.30767 3.21523 3.2436 3.21635 3.16193 
3.01722 2.95384 3.14372 3.47544 3.7392 3.93629 3.94855 3.90008 3.65523 3.41925 
3.01355 2.71368 2.28326 2.01697 1.63154 1.46008 1.11532 1.05989 0.690376 0.863255 
0.561714 

0.400506 0.598832 0.671354 0.828601 0.953907 1.12725 1.29653 1.50156 1.7033 1.9235 
2.12076 2.30684 2.43492 2.52703 2.52648 2.5242 2.47705 2.50091 2.49319 2.48902 
2.445 2.46272 2.55955 2.73545 2.87248 2.98975 2.98034 2.95055 2.77089 2.62581 
2.33848 2.14146 1.82682 1.65257 1.3449 1.23356 0.949629 0.926472 0.602775 0.785512 
0.564875 

0.369459 0.525486 0.587205 0.713182 0.814357 0.945537 1.07663 1.22517 1.37243 1.52542 
1.66243 1.79074 1.87692 1.94676 1.9525 1.96355 1.9398 1.9599 1.95855 1.97649 
1.9713 2.01041 2.06266 2.16541 2.22686 2.29975 2.27979 2.2659 2.13393 2.04634 
1.83598 1.71967 1.47361 1.36498 1.12294 1.0568 0.80823 0.818145 0.511825 0.722551 
0.550433 

0.344457 0.467893 0.522304 0.621746 0.70466 0.805154 0.906762 1.01353 1.12583 1.23309 
1.33309 1.42074 1.47918 1.53394 1.54047 1.56134 1.55047 1.57566 1.57576 1.60563 
1.61107 1.65172 1.68062 1.74348 1.76949 1.81346 1.78328 1.77411 1.67136 1.61633 
1.45825 1.38197 1.19839 1.1219 0.936885 0.888051 0.691166 0.707784 0.461973 0.65031 
0.540819 

0.313556 0.407717 0.453479 0.532172 0.600718 0.675444 0.756203 0.834447 0.917968 0.994467 
1.06571 1.13128 1.17404 1.21612 1.22639 1.24716 1.24391 1.26378 1.26625 1.29506 
1.29969 1.33333 1.35221 1.39338 1.39721 1.42601 1.39602 1.39899 1.31927 1.28427 
1.16608 1.11987 0.979613 0.93255 0.784105 0.76368 0.587058 0.629781 0.392615 0.592043 
0.515329 

0.29207 0.365703 0.405847 0.467218 0.525023 0.581827 0.646817 0.703422 0.768861 0.825062 
0.878102 0.925367 0.962783 0.989884 1.00194 1.02717 1.02541 1.05306 1.0528 1.08028 
1.08222 1.11602 1.11553 1.15383 1.14539 1.16451 1.13519 1.1311 1.06789 1.04698 
0.957808 0.923725 0.810093 0.786056 0.655676 0.649182 0.501286 0.539311 0.360152 0.522887 
0.493272 

0.263624 0.31613 0.34948 0.396972 0.445912 0.486746 0.540479 0.580538 0.631684 0.670926 
0.712876 0.744287 0.768495 0.794553 0.806311 0.82344 0.823992 0.840602 0.840891 0.865071 
0.866747 0.891967 0.891771 0.914067 0.902744 0.923352 0.892489 0.899871 0.847693 0.838793 
0.763105 0.753836 0.667329 0.652208 0.557135 0.559092 0.434915 0.482787 0.309546 0.474129 
0.457266 

0.249342 0.28929 0.317678 0.35502 0.397834 0.428468 0.473388 0.502413 0.545253 0.572957 
0.605651 0.632794 0.654447 0.675924 0.682673 0.704048 0.705704 0.72903 0.728668 0.7501 
0.753383 0.771603 0.766839 0.791561 0.775965 0.78534 0.758989 0.766722 0.714243 0.714133 
0.655436 0.642482 0.573789 0.561747 0.479192 0.479424 0.377404 0.412764 0.294114 0.4108 
0.44198 

0.22009 0.245365 0.265314 0.293923 0.329468 0.351177 0.388005 0.407579 0.440508 0.458337 
0.483836 0.498704 0.512978 0.525739 0.529527 0.540161 0.54106 0.551 0.549393 0.565669 
0.560295 0.579852 0.569647 0.589024 0.5723 0.591615 0.568128 0.58028 0.544818 0.551925 
0.506223 0.511819 0.458978 0.466734 0.401617 0.418087 0.327743 0.376815 0.223056 0.378609 
0.390934 

0.220911 0.237955 0.255247 0.279748 0.311486 0.328989 0.361436 0.376305 0.406404 0.419761 
0.444005 0.45728 0.474865 0.488467 0.496819 0.513758 0.523122 0.536324 0.543043 0.560832 
0.562714 0.575924 0.577253 0.58945 0.579556 0.587966 0.566208 0.571586 0.543307 0.540876 
0.502968 0.495635 0.451939 0.440566 0.395345 0.387207 0.332304 0.332531 0.265921 0.312647 
0.403806 

0.157373 0.155015 0.150948 0.169924 0.189142 0.206609 0.232384 0.250225 0.277075 0.293355 
0.316631 0.327592 0.343437 0.343226 0.348699 0.336137 0.332039 0.312579 0.300534 0.280584 
0.265747 0.268855 0.254733 0.263511 0.251383 0.2554 0.242646 0.253452 0.247492 0.262312 
0.254036 0.283404 0.276644 0.305407 0.290687 0.32241 0.29098 0.332407 0.251208 0.342153 
0.292293 

