result_deltaT_Hax.grd
DSAA
41 41
-250 1750
-250 1750
-3774.15 3459.36
33.8157 37.1671 39.7372 41.5355 42.5018 42.6281 41.7947 40.0003 37.2061 33.3822 
28.5782 22.8071 16.1959 8.85218 0.891747 -7.51114 -16.2116 -25.0559 -33.9229 -42.6942 
-51.2461 -59.5186 -67.4095 -74.8265 -81.6803 -87.8501 -93.232 -97.7227 -101.249 -103.744 
-105.166 -105.475 -104.793 -103.165 -100.66 -97.4208 -93.5656 -89.225 -84.5323 -79.5921 
-74.5167 

40.1908 44.272 47.6722 50.238 51.9143 52.6174 52.1531 50.475 47.5022 43.173 
37.5942 30.6861 22.6515 13.6488 3.90105 -6.41196 -17.0344 -27.8045 -38.5209 -49.0679 
-59.3676 -69.3007 -78.8162 -87.821 -96.1726 -103.755 -110.393 -115.921 -120.186 -123.074 
-124.54 -124.644 -123.356 -120.819 -117.214 -112.693 -107.449 -101.68 -95.54 -89.2001 
-82.8051 

44.4592 49.0658 53.1025 56.2804 58.4893 59.5243 59.2634 57.554 54.1949 49.2854 
42.6664 34.4636 24.8272 14.0283 2.31864 -9.99559 -22.6164 -35.2677 -47.7769 -59.9966 
-71.8285 -83.2675 -94.2182 -104.605 -114.303 -123.111 -130.802 -137.158 -141.965 -145.088 
-146.415 -145.907 -143.749 -140.082 -135.092 -129.054 -122.209 -114.811 -107.09 -99.2447 
-91.4721 

49.6439 54.8386 59.5335 63.4246 66.216 67.7525 67.7061 65.896 62.1777 56.3337 
48.3697 38.4369 26.7068 13.4576 -0.824247 -15.747 -30.8563 -45.8562 -60.4861 -74.6321 
-88.2864 -101.406 -114.016 -126.061 -137.362 -147.701 -156.752 -164.169 -169.627 -172.878 
-173.846 -172.605 -169.192 -163.881 -157.026 -148.947 -140.01 -130.538 -120.812 -111.092 
-101.64 

54.2377 60.0811 65.5333 70.0639 73.5648 75.5482 75.7502 73.7726 69.3743 62.4163 
52.7418 40.5204 26.0964 9.82382 -7.6472 -25.7416 -43.8269 -61.4824 -78.4549 -94.6365 
-110.047 -124.877 -139.184 -152.954 -166.046 -178.085 -188.624 -197.163 -203.257 -206.598 
-206.98 -204.4 -199.189 -191.72 -182.367 -171.665 -160.076 -148.031 -135.905 -123.989 
-112.587 

59.3049 65.8858 72.186 77.6541 81.8889 84.4464 84.9171 82.7447 77.6355 69.14 
57.2871 42.108 23.9766 3.64636 -18.0802 -40.235 -62.1092 -82.9991 -102.58 -120.887 
-138.166 -154.709 -170.821 -186.599 -201.809 -216.033 -228.538 -238.573 -245.406 -248.619 
-247.932 -243.613 -235.83 -225.27 -212.573 -198.358 -183.348 -168.082 -152.948 -138.364 
-124.668 

64.0674 71.4274 78.6496 85.0965 90.1941 93.4148 94.1549 91.7789 85.6637 75.2941 
60.4816 41.3248 18.3882 -7.3324 -34.6243 -62.106 -88.5542 -113.148 -135.539 -155.884 
-174.701 -192.766 -210.642 -228.589 -246.386 -263.279 -278.253 -290.071 -297.768 -300.589 
-298.346 -291.093 -279.734 -264.901 -247.633 -228.928 -209.52 -190.204 -171.469 -153.717 
-137.348 

68.8574 77.1727 85.4567 92.9637 99.1839 103.304 104.523 101.919 94.4876 81.6433 
62.9168 38.4246 8.92551 -24.1826 -59.0393 -93.58 -125.878 -154.843 -180.045 -202.01 
-221.905 -241.029 -260.557 -281.016 -302.074 -322.641 -340.97 -355.329 -363.998 -365.993 
-361.106 -349.89 -333.148 -312.396 -288.958 -264.231 -239.209 -214.776 -191.619 -170.122 
-150.665 

73.1378 82.2707 91.6929 100.505 108.025 113.19 115.018 112.04 103.147 87.0755 
63.1537 31.3954 -7.12638 -50.422 -95.5964 -139.442 -179.206 -213.076 -240.794 -263.434 
-283.086 -302.326 -323.138 -346.492 -371.965 -397.611 -420.728 -438.414 -448.142 -448.558 
-439.527 -421.919 -397.617 -368.531 -336.765 -304.09 -271.982 -241.35 -212.861 -186.97 
-164.015 

76.8546 86.981 97.7054 107.93 116.919 123.471 126.025 122.881 112.146 91.9477 
61.0563 19.2719 -31.9722 -89.6513 -149.219 -205.851 -255.11 -294.433 -323.586 -344.855 
-362.166 -379.793 -401.268 -428.27 -459.917 -493.164 -523.392 -545.79 -556.715 -554.184 
-538.376 -511.321 -475.749 -434.945 -391.888 -348.949 -307.782 -269.587 -234.901 -203.985 
-177.096 

79.5703 90.5675 102.487 114.282 124.957 132.962 136.562 133.258 120.216 94.6822 
54.5127 -0.954828 -70.0438 -148.107 -228.28 -302.486 -363.909 -408.605 -436.934 -453.13 
-464.006 -477.198 -498.471 -530.387 -571.407 -616.212 -657.07 -686.128 -697.833 -689.875 
-663.148 -621.304 -569.429 -512.316 -454.175 -397.932 -345.679 -298.401 -256.523 -220.099 
-189.018 

80.9508 92.7021 105.869 119.238 131.673 141.54 146.341 142.897 127.238 94.9663 
42.3309 -32.2487 -126.698 -234.341 -343.985 -442.819 -519.691 -568.882 -591.641 -595.987 
-594.014 -598.093 -617.95 -657.373 -713.308 -776.351 -833.505 -872.168 -883.715 -865.465 
-820.764 -756.627 -680.864 -601.161 -522.997 -450.128 -384.489 -326.749 -276.879 -234.45 
-199.022 

80.255 92.5838 106.77 121.507 135.736 147.443 153.729 150.265 131.473 90.6327 
21.5855 -79.3927 -210.194 -360.669 -513.149 -646.352 -742.359 -792.668 -801.258 -782.584 
-757.066 -745.492 -762.745 -814.544 -894.834 -987.084 -1069.18 -1120.66 -1128.78 -1092.1 
-1018.18 -919.492 -809.788 -699.467 -595.786 -502.665 -421.464 -352.269 -294.066 -245.638 
-205.985 

77.3835 89.8647 104.658 120.516 136.231 149.649 157.337 153.829 131.337 80.0222 
-10.6194 -147.928 -330.451 -543.336 -757.841 -938.987 -1057.56 -1101.67 -1080.19 -1020.04 
-955.563 -919.04 -933.638 -1006.8 -1127.19 -1266.1 -1386.16 -1454.24 -1452.09 -1381.76 
-1260.27 -1110.84 -953.354 -803.052 -668.048 -551.519 -453.485 -372.367 -306.011 -252.082 
-208.747 

71.5159 83.695 98.3853 114.613 131.164 145.729 154.484 150.68 124.009 60.0626 
-57.9284 -243.858 -498.924 -801.326 -1104.83 -1350.96 -1493 -1515.08 -1438.09 -1309.6 
-1184.66 -1112.73 -1127.04 -1237.21 -1422.73 -1634.23 -1809.46 -1895.32 -1868.64 -1740.21 
-1544.66 -1321.58 -1101.31 -902.105 -731.454 -590.071 -475.477 -383.533 -310.18 -251.965 
-205.934 

62.5967 73.7344 87.4971 103.064 119.315 134.017 142.775 137.887 106.297 28.132 
-122.521 -370.54 -723.175 -1149.72 -1575.28 -1904.5 -2064.43 -2036.56 -1866.41 -1634.5 
-1425.65 -1309.22 -1330.31 -1500.95 -1786.87 -2106.43 -2356.49 -2455.48 -2377.62 -2154.36 
-1851.17 -1530.21 -1233.92 -980.898 -774.267 -610.264 -481.75 -381.799 -304.1 -243.649 
-196.585 

50.2838 59.5425 71.335 84.8621 99.2635 112.232 119.376 112.068 74.8495 -18.0512 
-203.587 -522.59 -993.911 -1576.19 -2152.68 -2575.3 -2735.21 -2620.55 -2312.89 -1944.79 
-1635.95 -1474.19 -1514.96 -1773.41 -2196.99 -2658.59 -2997.12 -3095.44 -2928.29 -2567.54 
-2124.75 -1692.43 -1318.27 -1016.18 -781.242 -601.873 -466.045 -363.252 -285.15 -225.487 
-179.544 

34.7989 41.4559 50.065 60.091 70.6444 79.6102 82.7519 71.1392 27.8728 -77.095 
-291.233 -673.224 -1258.32 -1994.62 -2716.84 -3214.17 -3345.46 -3109.98 -2646.2 -2141.67 
-1746.08 -1554.15 -1627.27 -1985.53 -2558.88 -3164.62 -3579.37 -3649.59 -3363.84 -2847.14 
-2266.87 -1739.04 -1310.26 -981.352 -736.426 -555.994 -423.3 -325.207 -252.083 -196.921 
-154.638 

16.6604 19.839 24.1792 29.1675 33.9221 36.6706 33.2494 15.4506 -32.8844 -142.424 
-364.196 -766.635 -1396.79 -2198.35 -2972.06 -3474.16 -3550.06 -3217.75 -2657.37 -2090.18 
-1670.96 -1484.42 -1588.63 -2006.85 -2659.25 -3327.51 -3754.45 -3774.15 -3394.18 -2782.54 
-2140.86 -1591.21 -1165.89 -853.09 -627.945 -466.695 -350.663 -266.345 -204.286 -157.791 
-122.059 

-3.40466 -4.15782 -4.88279 -6.04706 -8.41652 -13.8056 -25.4994 -50.096 -100.584 -201.167 
-393.59 -734.878 -1264.44 -1931.62 -2561.79 -2947.26 -2966 -2646.24 -2154.69 -1681.21 
-1347.38 -1215.3 -1325.2 -1691.74 -2244.41 -2793.43 -3118.92 -3090.68 -2728.81 -2189.31 
-1647.66 -1199.64 -864.075 -623.962 -454.576 -335.07 -250.045 -188.62 -143.574 -109.683 
-83.0108 

-24.2673 -29.1167 -35.2478 -42.9375 -53.0716 -67.0477 -87.0956 -117.122 -163.882 -238.714 
-359.589 -548.557 -816.463 -1130.96 -1410.01 -1562.54 -1542.44 -1373.26 -1138 -925.014 
-787.097 -748.769 -823.043 -1008.34 -1262.2 -1495.19 -1610.15 -1555.44 -1352.5 -1076.75 
-809.314 -590.972 -428.358 -311.686 -229.054 -170.25 -127.749 -96.6042 -73.1166 -54.7818 
-39.2176 

-44.5206 -53.356 -64.635 -78.4091 -95.6418 -116.999 -143.441 -175.172 -210.908 -245.29 
-265.41 -248.253 -168.252 -23.8049 144.102 272.962 314.034 258.691 143.653 16.2321 
-90.3718 -158.108 -168.092 -100.995 40.4946 214.476 355.003 413.247 382.163 295.701 
201.35 125.817 73.7295 41.1136 21.7152 10.6841 4.87173 2.37335 1.99529 3.30887 
6.71189 

-63.1358 -75.4066 -90.8325 -109.514 -132.015 -158.29 -187.442 -215.866 -234.171 -221.566 
-138.516 74.6897 468.858 1014.92 1565.61 1929.94 1983.33 1735.1 1319.48 902.78 
590.035 438.484 493.329 785.528 1269.31 1784.84 2133.96 2186.74 1947.07 1544.85 
1133.04 795.617 549.824 379.804 264.726 187.411 135.3 100.127 76.4456 60.9686 
52.2198 

-78.9415 -93.7777 -112.22 -134.044 -159.276 -187.168 -214.876 -235.321 -233.169 -177.855 
-16.4854 323.878 896.547 1651.07 2392.31 2876.4 2949.81 2626.15 2080.33 1527.03 
1113.48 922.998 1015.72 1420.66 2065.83 2738.64 3184.24 3239.25 2908.21 2355.48 
1777.5 1289.65 919.848 654.777 469.274 340.44 250.853 188.362 144.605 114.295 
94.4838 

-91.2954 -107.722 -127.637 -150.601 -176.177 -202.401 -225.148 -234.978 -213.76 -128.643 
72.0465 450.953 1044 1792.77 2519 3004.58 3107.18 2834.79 2338.41 1813.77 
1411.83 1227.81 1323.1 1715.9 2327.84 2964.03 3392.31 3459.36 3163.25 2640.22 
2064.52 1551.89 1144.29 838.887 616.779 457.26 343.074 261.223 202.455 160.491 
131.53 

-99.7974 -116.711 -136.797 -159.178 -182.834 -205.212 -220.991 -220.154 -184.678 -85.3141 
118.815 470.529 984.794 1608.2 2207.82 2623.56 2748.05 2580.09 2221.71 1818.61 
1498.33 1349.91 1427.47 1738.66 2216.8 2715.53 3062.49 3139.32 2933.02 2530.91 
2057.13 1607.56 1228.36 929.301 702.004 532.624 407.425 315.127 247.152 197.343 
161.649 

-104.474 -121.151 -140.209 -160.617 -180.982 -198.176 -206.804 -197.12 -153.48 -53.1312 
132.153 426.757 832.32 1305.97 1758.79 2086.35 2215.98 2141.3 1922.72 1656.11 
1435.41 1332.71 1390.07 1610.76 1945.65 2296.98 2550.62 2624.18 2500.41 2225.76 
1877.15 1523.35 1206.32 942.502 732.354 569.305 444.513 349.804 278.111 224.14 
184.236 

-105.667 -121.39 -138.685 -156.329 -172.727 -184.684 -186.973 -171.193 -125.003 -32.1664 
124.824 358.175 663.198 1008.78 1337.99 1586.25 1707.56 1694.61 1580.86 1425.22 
1291.14 1230.24 1273.27 1421.99 1644.16 1878.21 2052.94 2114.52 2046.05 1869.21 
1627.88 1367.17 1119.34 901.882 720.527 573.928 457.68 366.567 295.731 241.034 
199.205 

-103.969 -118.207 -133.316 -147.954 -160.342 -167.567 -164.961 -145.812 -101.059 -19.83 
108.065 287.695 512.758 761.369 998.302 1184.33 1291.22 1312.74 1266.75 1188.2 
1117.34 1088.86 1123.61 1223.24 1367.83 1520.04 1636.74 1683.73 1647.26 1536.05 
1373.81 1188.06 1002.15 830.814 681.302 555.551 452.328 368.833 302.055 249.048 
207.289 

-99.968 -112.573 -125.348 -136.971 -145.775 -149.146 -143.295 -123.027 -81.9734 -13.2376 
88.6886 225.247 390.662 570.133 741.537 881.401 972.503 1010.1 1003.67 973.565 
944.417 938.211 968.535 1036.84 1131.51 1230.32 1307.36 1341.36 1322.11 1252.12 
1143.85 1013.86 877.34 745.911 626.489 522.239 433.599 359.82 299.024 249.431 
209.183 

-94.281 -105.14 -115.627 -124.539 -130.365 -130.815 -123.027 -103.09 -66.7962 -9.89123 
70.458 174.155 296.411 427.306 553.068 659.478 735.925 779.134 793.931 792.114 
788.242 795.86 823.554 872.567 936.095 1001.14 1052.23 1076.1 1065.69 1021.15 
948.669 857.814 758.653 659.338 565.736 481.092 406.887 343.156 289.247 244.09 
206.264 

-87.5171 -96.7021 -105.138 -111.731 -115.19 -113.724 -105.015 -86.4333 -55.0851 -8.45159 
54.799 133.913 225.21 322.149 416.052 498.103 561.877 604.868 629.83 643.08 
653.396 668.822 694.518 731.412 775.646 819.639 854.127 870.947 865.177 836.161 
787.026 723.367 651.385 576.878 504.258 436.601 375.452 321.477 274.578 234.179 
199.451 

-80.0908 -87.7274 -94.3646 -99.0723 -100.771 -98.0113 -89.1661 -72.3123 -45.5246 -7.46616 
42.4611 103.295 172.429 245.475 316.875 381.21 434.298 474.56 503.096 523.657 
541.074 560.128 583.96 613.132 645.354 676.186 700.119 712.086 708.86 689.609 
655.863 610.714 558.208 502.345 446.313 392.528 342.625 297.438 257.165 221.62 
190.14 

-72.4654 -78.726 -83.8753 -87.0989 -87.5376 -84.0941 -75.5202 -60.5065 -37.9294 -6.89664 
32.687 80.0615 133.186 189.196 244.525 295.63 339.9 376.095 404.796 427.882 
448.152 468.308 490.211 514.034 538.595 561.145 578.404 587.288 585.517 572.434 
548.795 516.541 478.057 435.975 392.749 350.19 309.813 272.226 238.019 206.996 
178.865 

-64.8059 -69.8665 -73.7674 -75.8592 -75.4286 -71.6284 -63.5943 -50.4243 -31.366 -5.9562 
25.6938 63.0021 104.508 148.154 191.762 232.969 269.968 301.996 329.019 352.153 
372.843 392.623 412.466 432.618 452.036 469.251 482.236 488.997 488.19 479.266 
462.545 439.021 410.501 378.638 345.123 311.467 278.686 247.646 218.571 191.745 
166.674 

-57.4279 -61.4757 -64.3974 -65.6284 -64.6362 -60.7853 -53.4288 -41.961 -25.9243 -5.06594 
20.4923 50.1477 82.976 117.655 152.495 185.985 217.003 244.81 269.413 291.224 
311.06 329.622 347.43 364.544 380.489 394.186 404.31 409.754 409.616 403.424 
391.393 374.255 352.927 328.62 302.563 275.861 249.344 223.61 199.181 176.05 
153.981 

-50.2725 -53.4456 -55.5618 -56.1624 -54.8054 -51.0178 -44.3532 -34.3817 -20.8208 -3.57714 
17.2548 41.2727 67.6615 95.5122 123.685 151.33 177.428 201.564 223.476 243.429 
261.674 278.59 294.544 309.34 322.638 333.77 342.051 346.614 346.841 342.604 
333.857 321.078 304.888 286.159 265.764 244.394 222.829 201.529 180.852 160.916 
141.506 

-43.5795 -46.039 -47.5314 -47.6753 -46.1286 -42.5353 -36.5624 -27.9371 -16.4769 -2.12232 
15.0018 34.5028 55.9362 78.5588 101.694 124.552 146.588 167.284 186.556 204.28 
220.705 235.918 249.928 262.75 274.039 283.407 290.296 294.216 294.828 291.913 
285.514 275.916 263.607 249.053 232.888 215.795 198.225 180.6 163.124 145.946 
128.966 

-37.0465 -38.8864 -39.8574 -39.6445 -37.9699 -34.56 -29.1887 -21.653 -11.8483 0.233191 
14.4692 30.6135 48.272 66.9759 86.1533 105.35 124.026 141.866 158.712 174.458 
189.018 202.525 214.932 226.008 235.706 243.62 249.418 252.853 253.634 251.553 
246.761 239.377 229.741 218.276 205.407 191.485 176.976 162.146 147.294 132.489 
117.558 

-30.9494 -32.2788 -32.853 -32.3875 -30.6722 -27.5132 -22.717 -16.1776 -7.80367 2.38127 
14.2849 27.6879 42.3279 57.8293 73.8395 89.8777 105.698 121.023 135.54 149.217 
162.059 173.874 184.606 194.256 202.526 209.244 214.23 217.253 218.103 216.696 
213.093 207.434 199.866 190.717 180.304 168.993 156.955 144.48 131.859 119.091 
106.056 

-24.2603 -25.0962 -25.242 -24.4831 -22.6308 -19.5341 -15.0662 -9.12122 -1.66229 7.28523 
17.64 29.2401 41.8493 55.2044 68.9876 82.9011 96.6296 110.02 122.868 134.986 
146.199 156.629 166.063 174.435 181.609 187.413 191.642 194.105 194.792 193.592 
190.582 185.748 179.401 171.675 162.775 152.941 142.53 131.646 120.505 109.106 
97.4086 

