result_deltaT_Za.grd
DSAA
41 41
-250 1750
-250 1750
-8180.8 1558.11
148.966 152.054 156.185 160.161 164.732 168.84 173.273 177.209 180.994 184.063 
186.67 188.599 189.876 190.361 190.161 189.266 187.637 185.449 182.555 179.218 
175.15 170.757 165.662 160.366 154.431 148.47 142.007 135.734 129.209 123.109 
116.944 111.327 105.845 101.028 96.3748 92.3369 88.4783 85.1274 81.9492 79.0781 
76.4029 

153.116 156.713 161.219 165.637 170.586 175.277 180.116 184.536 188.857 192.331 
195.479 197.752 199.413 200.237 200.278 199.563 198.058 195.922 193.015 189.583 
185.392 180.804 175.437 169.817 163.483 157.078 150.121 143.327 136.201 129.467 
122.648 116.472 110.358 104.899 99.6749 95.0892 90.7275 86.9074 83.2939 80.0206 
77.0421 

160.222 164.702 170.152 175.38 181.259 186.808 192.52 197.78 202.744 206.89 
210.623 213.272 215.168 216.093 216.172 215.31 213.591 211.112 207.808 203.922 
199.163 193.942 187.868 181.42 174.207 166.815 158.825 150.957 142.811 135.095 
127.387 120.276 113.419 107.342 101.547 96.4802 91.739 87.5705 83.7121 80.1961 
77.1194 

167.558 173.043 179.538 185.914 192.837 199.53 206.291 212.645 218.564 223.668 
228.067 231.291 233.535 234.663 234.735 233.738 231.749 228.948 225.223 220.834 
215.534 209.634 202.779 195.432 187.179 178.647 169.459 160.346 150.94 141.983 
133.114 125.075 117.33 110.442 104.019 98.4217 93.2466 88.7364 84.5976 80.848 
77.685 

176.521 183.194 191.071 198.805 207.232 215.438 223.697 231.415 238.684 244.875 
250.1 253.957 256.642 257.735 257.706 256.304 253.915 250.538 246.198 241.147 
235.055 228.284 220.407 211.831 202.192 192.1 181.217 170.367 159.285 148.807 
138.563 129.193 120.413 112.751 105.679 99.5806 94.0457 89.2527 84.9515 81.0778 
77.9672 

185.907 194.067 203.665 213.029 223.387 233.446 243.661 253.145 262.03 269.688 
276.031 280.592 283.654 284.789 284.447 282.546 279.449 275.377 270.298 264.46 
257.603 249.862 240.819 230.845 219.498 207.462 194.528 181.535 168.378 155.82 
143.851 133.11 123.278 114.594 106.896 100.377 94.546 89.5661 85.1717 81.2337 
78.2881 

196.758 206.612 218.257 229.924 242.555 254.972 267.655 279.414 290.633 299.962 
307.766 313.206 316.425 317.273 316.207 313.432 309.223 304.065 298.05 291.339 
283.539 274.745 264.369 252.597 239.101 224.477 208.66 192.761 176.872 161.881 
147.905 135.405 124.276 114.861 106.597 99.8246 93.902 88.8245 84.5816 80.7604 
78.14 

208.305 220.341 234.459 248.775 264.276 279.738 295.458 310.369 324.255 336.027 
345.489 351.766 355.051 355.248 352.878 348.406 342.644 336.049 328.874 321.24 
312.673 302.877 291.06 277.254 260.974 243.026 223.534 203.887 184.347 166.242 
149.634 135.549 123.212 113.051 104.612 97.6787 92.0179 87.2362 83.2574 79.7512 
77.6842 

221.226 235.796 252.87 270.411 289.632 308.887 328.762 347.562 365.042 379.719 
391.255 398.444 401.331 399.925 395.085 387.818 379.465 370.765 362.253 353.888 
344.783 334.26 321.031 304.724 284.851 262.291 237.725 212.702 188.521 166.589 
147.237 131.044 117.83 107.477 99.2826 92.9188 87.8932 83.8696 80.6626 77.7592 
76.4817 

235.009 252.433 273.109 294.609 318.377 342.563 367.605 391.409 413.714 432.287 
446.255 453.956 455.599 451.065 442 430.063 417.534 405.962 395.985 387.386 
378.73 368.268 353.94 334.767 309.949 281.003 249.193 217.055 186.549 159.855 
137.336 119.912 106.409 96.7125 89.7622 84.7982 81.215 78.5007 76.5366 74.7122 
74.5911 

249.938 270.823 295.739 321.993 351.374 381.751 413.471 444.077 472.645 496.114 
513.005 520.793 519.254 508.779 492.06 472.138 453.011 437.282 426.191 418.811 
412.413 403.641 389.014 366.264 334.737 296.204 253.628 211.336 172.526 140.143 
115.075 97.1059 85.0851 77.9697 73.8155 71.7675 70.9083 70.4205 70.4023 70.1111 
71.5787 

265.799 290.471 320.203 352.295 388.482 426.535 466.761 506.16 542.916 572.974 
593.166 599.843 592.118 570.821 540.373 506.907 477.118 455.957 444.856 441.807 
441.712 438.005 424.416 397.289 355.404 302.244 243.422 186.492 136.745 98.3873 
72.0583 56.8165 49.5299 47.9334 49.453 52.6186 56.0625 59.2402 62.1563 64.0382 
67.5213 

282.362 311.318 346.741 385.524 429.854 477.602 528.635 579.442 627.252 665.713 
689.608 692.786 672.981 631.655 577.031 520.221 473.693 445.478 437.826 445.831 
459.493 467.007 457.282 423.616 365.094 288.137 203.803 125.044 61.5335 18.6947 
-4.21365 -11.2753 -7.60861 1.98174 13.6858 25.3033 35.652 44.0633 51.1139 56.0874 
62.1042 

299.2 332.786 374.51 420.996 474.993 534.276 598.862 664.349 726.397 775.909 
803.602 798.633 756.098 678.683 580.871 484.424 411.563 376.519 380.469 412.74 
454.476 483.734 481.841 437.394 349.844 232.439 106.884 -3.60376 -82.3751 -124.252 
-133.741 -119.91 -94.4378 -64.8174 -36.2827 -11.4727 9.08691 24.9448 37.3897 46.3104 
55.3692 

316.058 354.521 403.036 458.155 523.117 596.004 677.012 760.927 841.339 904.777 
935.193 913.498 828.921 685.78 511.484 347.341 235.045 196.767 232.321 315.187 
409.695 478.449 489.253 423.65 283.519 95.5613 -98.207 -254.997 -346.846 -371.133 
-343.638 -288.472 -221.922 -158.245 -103.37 -58.9315 -24.3918 1.48087 21.0159 34.7654 
47.3418 

332.065 375.584 430.926 495.209 572.159 660.34 760.426 866.516 969.565 1049.97 
1080.37 1026.47 865.18 603.778 293.536 17.1638 -150.944 -172.804 -66.1832 114.464 
303.772 437.676 465.059 355.903 116.858 -196.42 -501.823 -719.181 -809.26 -779.01 
-672.007 -534.128 -398.593 -281.914 -188.349 -116.951 -63.9881 -25.6589 2.42262 21.7865 
38.2581 

346.83 394.998 457.17 530.551 619.808 724.38 845.209 976.223 1105.48 1204.58 
1228.71 1116.28 819.511 348.508 -194.074 -651.277 -885.862 -847.204 -589.639 -230.535 
114.654 347.32 389.217 191.201 -228.688 -762.112 -1244.73 -1534.92 -1577.5 -1416.29 
-1152.35 -874.022 -629.285 -435.67 -289.727 -183.964 -108.26 -55.2566 -17.5498 8.0268 
28.3414 

359.27 411.585 479.886 561.649 662.697 782.875 924.572 1081.14 1237.4 1354.09 
1360.87 1151.37 631.509 -183.623 -1099.3 -1822.38 -2117.33 -1928.67 -1392.61 -742.432 
-166.226 197.493 238.62 -123.262 -852.973 -1743.14 -2486.65 -2843.92 -2747.56 -2329.22 
-1797.04 -1301.89 -904.867 -610.808 -401.133 -254.986 -154.167 -85.2679 -37.5266 -5.64883 
18.4003 

368.792 424.363 497.621 586.348 697.013 830.685 990.366 1169.3 1349.05 1477.46 
1451.93 1103.55 266.091 -1038.7 -2468.32 -3527.41 -3851.01 -3389.71 -2433.08 -1383.4 
-519.879 -7.48179 5.40821 -609.265 -1793.22 -3178.33 -4253.08 -4641.43 -4284.69 -3463.15 
-2552.25 -1777.55 -1197.25 -789.32 -510.913 -323.402 -197.452 -113.194 -56.0525 -18.2486 
8.87527 

374.664 432.167 508.639 601.899 719.117 861.901 1033.74 1227.55 1421.58 1551.08 
1480.57 974.293 -212.956 -2051.58 -4022.9 -5412.18 -5720.63 -4925.06 -3496.66 -2028.85 
-882.308 -240.173 -282.633 -1188.37 -2873.73 -4783.82 -6181.44 -6556.3 -5870.88 -4589.03 
-3271.11 -2212.78 -1455.73 -943.293 -603.622 -380.129 -232.998 -135.813 -71.0473 -28.5541 
0.659054 

376.225 434.393 512.039 606.892 726.506 872.346 1048.03 1245.68 1440.21 1558.11 
1440.61 807.353 -638.388 -2852.49 -5191.83 -6787.8 -7059.79 -6008.99 -4245.27 -2492.07 
-1162.48 -449.426 -551.354 -1675.75 -3713.72 -5980.67 -7579.49 -7914.49 -6977.16 -5360.35 
-3756.29 -2501.81 -1625.19 -1043.3 -663.688 -417.017 -256.146 -150.746 -81.1725 -35.7866 
-5.67968 

373.371 430.812 507.142 600.529 717.811 860.17 1030.41 1219.46 1400.13 1495.99 
1344.29 661.766 -845.831 -3119.4 -5497.04 -7095.55 -7333.85 -6230.12 -4412.67 -2625.34 
-1283.5 -582.173 -718.755 -1896.32 -3988.47 -6287.89 -7884.93 -8180.8 -7183.32 -5505.08 
-3852.15 -2562.66 -1664.55 -1068.48 -680.13 -427.998 -263.619 -156.04 -85.1688 -39.0225 
-9.43543 

366.193 421.437 494.464 583.418 693.938 826.903 983.313 1153.1 1308.69 1378.18 
1215.78 578.796 -770.725 -2766.8 -4839.17 -6233.45 -6456.36 -5520.25 -3955.35 -2396.68 
-1218.38 -607.589 -741.842 -1783.18 -3608.35 -5604.19 -6995.03 -7269.57 -6426.88 -4982.36 
-3534 -2383.21 -1565.96 -1014.76 -650.811 -411.907 -254.913 -151.286 -82.9327 -38.2007 
-10.4409 

355.005 406.9 474.895 556.874 657.513 776.327 913.221 1057.14 1182.51 1228.11 
1079.3 560.978 -481.79 -1983.63 -3537.27 -4605.84 -4826.55 -4194.27 -3070.87 -1906.59 
-1003.08 -530.14 -631.821 -1413.39 -2767.13 -4255.21 -5319.71 -5582.43 -5029.19 -4001.82 
-2920.59 -2022.41 -1358.8 -896.164 -582.58 -372.002 -231.376 -137.186 -74.6099 -33.3052 
-8.47607 

340.474 388.105 449.835 523.242 611.895 714.339 829.051 945.479 1041.39 1069.5 
950.267 574.79 -137.376 -1131.58 -2160.13 -2895.13 -3103.17 -2765.82 -2082.06 -1326.76 
-714.842 -386.777 -449.303 -959.327 -1836.66 -2812.96 -3544.93 -3787.27 -3511.72 -2900.66 
-2202.23 -1580.5 -1094.68 -739.329 -489.039 -315.742 -197.183 -116.023 -61.5816 -25.145 
-3.98448 

323.336 366.288 421.124 485.254 561.14 646.733 739.847 830.754 901.856 919.475 
833.7 584.13 135.846 -471.203 -1100.29 -1570.15 -1745.74 -1603.98 -1239.33 -801.668 
-428.945 -223.613 -258.761 -563.405 -1085.94 -1677.26 -2146.82 -2350.02 -2254.87 -1941.85 
-1540.08 -1150.75 -824.39 -571.619 -385.212 -251.035 -156.512 -90.2179 -45.0485 -14.2923 
2.8622 

304.478 342.647 390.435 445.274 508.887 578.743 652.574 722.011 774.229 786.593 
729.911 572.964 303.119 -53.509 -424.007 -713.51 -847.547 -806.739 -632.078 -400.114 
-192.549 -76.3957 -98.7148 -275.157 -576.249 -922.716 -1214.61 -1370.26 -1363.68 -1224.25 
-1013.46 -787.621 -583.505 -414.878 -284.223 -185.92 -114.397 -62.6151 -26.894 -2.05236 
11.1739 

284.825 318.093 359.22 405.502 457.899 514.083 571.748 624.314 663.023 673.144 
638.429 543.133 383.993 177.142 -38.9412 -214.757 -310.764 -313.095 -238.618 -125.411 
-19.5183 38.9146 20.5101 -83.4601 -257.948 -461.365 -642.259 -755.626 -782.717 -731.636 
-630.312 -507.708 -387.405 -280.931 -193.995 -125.364 -73.8759 -35.2458 -8.25866 10.9258 
20.5449 

265.001 293.796 328.757 367.319 410.115 454.803 499.685 539.592 568.764 577.942 
558.197 501.958 408.953 289.033 162.724 55.6956 -10.9161 -28.0295 -2.51434 46.9169 
95.1991 119.08 101.38 36.7441 -67.6179 -189.99 -303.966 -384.532 -419.865 -409.889 
-366.782 -304.582 -237.644 -173.841 -118.752 -73.1048 -37.586 -10.1166 9.37406 23.7606 
30.2202 

245.611 270.346 299.838 331.732 366.54 401.96 436.978 467.539 490.051 498.747 
488.889 456.565 402.618 332.59 257.993 192.224 146.719 126.968 130.331 147.462 
164.895 170.054 152.554 109.447 43.9063 -32.6828 -106.677 -164.007 -197.419 -204.68 
-190.907 -162.624 -127.902 -91.6533 -58.6781 -29.6588 -6.44017 12.3439 25.7028 35.8829 
39.9461 

227.071 248.168 272.949 299.26 327.502 355.73 383.123 406.893 424.72 433 
429.143 411.196 380.15 339.229 294.545 253.615 222.41 204.516 198.505 200.339 
202.412 198.066 181.332 150.571 107.04 56.926 7.09761 -34.2392 -62.7676 -76.1173 
-76.405 -66.0552 -50.2052 -31.2106 -12.6532 4.76408 19.0108 31.3191 39.8681 46.8953 
49.0186 

209.698 227.651 248.461 270.168 293.137 315.746 337.479 356.287 370.636 378.361 
378.084 368.795 351.221 327.166 300.155 274.282 252.882 237.979 229.084 224.211 
219.254 210.91 195.425 172.295 141.734 107.358 72.5033 42.0533 18.521 4.14458 
-2.29117 -1.31345 4.14211 12.7537 21.9929 31.6377 39.7295 47.1352 52.2044 56.6829 
57.4973 

193.597 208.821 226.301 244.242 263.038 281.239 298.674 313.641 325.517 332.643 
334.418 330.161 320.472 306.424 289.875 273.264 258.396 246.446 237.346 230.092 
222.467 212.96 199.144 181.122 158.569 133.963 108.692 85.8505 66.7449 53.2144 
44.5887 41.1781 40.8256 43.537 47.0781 51.752 55.5822 59.7746 62.2904 64.9797 
64.9194 

178.907 191.811 206.529 221.437 236.902 251.742 265.883 278.068 288.04 294.534 
297.418 296.069 291.029 282.947 272.777 262.007 251.604 242.325 234.088 226.615 
218.492 209.215 197.234 182.83 165.658 147.332 128.356 110.86 95.3489 83.4088 
74.4506 69.13 65.9101 65.2844 65.4911 66.8935 68.1194 69.9151 70.8588 72.2248 
71.6856 

165.505 176.43 188.853 201.276 214.106 226.273 237.894 247.946 256.312 262.203 
265.436 265.891 263.584 258.991 252.766 245.734 238.327 231.162 224.138 217.26 
209.563 201.162 191.018 179.404 165.912 151.866 137.304 123.756 111.081 100.789 
92.3033 86.4626 82.0123 79.648 78.0347 77.5649 77.211 77.6254 77.4566 78.0108 
77.193 

153.452 162.699 173.243 183.666 194.387 204.504 214.171 222.556 229.727 235.063 
238.441 239.74 239.111 236.665 233.003 228.386 223.127 217.74 211.913 205.975 
199.253 192.04 183.361 174.114 163.328 152.418 140.934 130.147 119.849 111.19 
103.596 97.7584 92.9737 89.8223 87.1199 85.7206 84.2853 83.8663 82.949 83.0655 
82.0303 

142.476 150.294 159.247 168.03 177.057 185.492 193.595 200.659 206.796 211.512 
214.796 216.568 216.793 215.815 213.557 210.56 206.747 202.6 197.897 193.014 
187.297 181.166 174.045 166.42 157.828 149.212 140.041 131.486 123 115.728 
109.004 103.833 99.1088 95.7732 92.8266 90.8922 89.0789 88.0998 87.0081 86.8888 
85.9165 

132.636 139.258 146.908 154.343 162.006 169.138 176.019 182.033 187.379 191.578 
194.749 196.778 197.618 197.401 196.134 194.317 191.64 188.643 184.878 180.914 
176.239 171.144 165.271 159.255 152.25 145.345 138.066 131.201 124.143 118.242 
112.429 107.809 103.421 100.138 97.0732 94.9881 92.946 91.8226 90.4938 90.2154 
89.3193 

123.515 129.084 135.615 141.903 148.417 154.43 160.275 165.389 169.983 173.67 
176.588 178.542 179.613 179.858 179.211 178.093 176.203 173.811 170.952 167.755 
163.845 159.771 154.988 150.07 144.487 139.093 133.187 127.7 122.014 117.109 
112.217 108.285 104.488 101.579 98.7464 96.769 94.8948 93.8419 92.6154 92.3458 
91.6537 

115.241 119.935 125.52 130.866 136.446 141.578 146.616 151.018 155.065 158.35 
161.055 163.006 164.259 164.831 164.655 164.134 162.883 161.266 159.034 156.621 
153.6 150.382 146.601 142.742 138.27 133.939 129.185 124.922 120.318 116.314 
112.224 108.956 105.581 103.048 100.55 98.8207 97.0245 95.9365 94.7993 94.6282 
94.0371 

106.734 110.595 115.282 119.715 124.392 128.603 132.776 136.347 139.651 142.277 
144.457 145.973 146.937 147.346 147.181 146.661 145.537 144.222 142.347 140.341 
137.8 135.265 132.1 129.125 125.556 122.239 118.548 115.299 111.78 108.764 
105.71 103.353 100.896 99.17 97.3574 96.2724 95.1084 94.4726 93.9077 94.101 
93.9059 

