result_deltaT_ZGrad.grd
DSAA
41 41
-250 1750
-250 1750
-69.3036 13.0006
0.00947113 0.0309599 0.0266641 0.0273795 0.0293618 0.029132 0.0347286 0.0413746 0.0495161 0.0589955 
0.0682774 0.0820856 0.0946781 0.108344 0.121861 0.135611 0.148092 0.160281 0.171419 0.181195 
0.189966 0.197025 0.203097 0.207715 0.210521 0.211801 0.210925 0.207721 0.203087 0.19564 
0.186453 0.17476 0.162206 0.147509 0.13254 0.115635 0.0987966 0.0806119 0.0631204 0.0416785 
0.0301757 

0.0985896 0.137726 0.141565 0.155086 0.164839 0.181964 0.19327 0.209429 0.226364 0.236669 
0.253442 0.263705 0.275132 0.284615 0.291972 0.297695 0.302092 0.304382 0.305805 0.304895 
0.30249 0.298795 0.292381 0.28421 0.27387 0.261835 0.247636 0.232715 0.21608 0.199272 
0.182168 0.165239 0.148426 0.13144 0.115935 0.100193 0.0854798 0.0698216 0.0555911 0.0373058 
0.0345239 

0.108635 0.160337 0.171542 0.188085 0.206125 0.225027 0.243414 0.267405 0.283035 0.303807 
0.324036 0.339124 0.352773 0.36554 0.376666 0.383783 0.389521 0.392554 0.394046 0.393727 
0.391064 0.385838 0.378217 0.367683 0.354409 0.338409 0.319952 0.299609 0.278757 0.256213 
0.234481 0.212099 0.191368 0.171146 0.151931 0.132746 0.11564 0.0972211 0.0817804 0.0609367 
0.0637776 

0.125996 0.192421 0.205843 0.234322 0.253591 0.283952 0.305926 0.338459 0.3636 0.392258 
0.415055 0.437423 0.454023 0.469304 0.479933 0.487624 0.492339 0.495492 0.496183 0.495135 
0.490702 0.484027 0.473504 0.459285 0.441262 0.419374 0.394484 0.36725 0.338579 0.309659 
0.281116 0.253675 0.227562 0.202341 0.179584 0.157931 0.137928 0.11797 0.1011 0.0793058 
0.0895439 

0.135662 0.217404 0.23878 0.269423 0.300392 0.33791 0.370722 0.410366 0.443884 0.4808 
0.508826 0.536517 0.562203 0.57642 0.592907 0.598352 0.607615 0.610298 0.611369 0.610421 
0.606334 0.59855 0.586369 0.568674 0.545359 0.517521 0.484452 0.448797 0.411656 0.374777 
0.338418 0.303248 0.270786 0.241393 0.214415 0.188277 0.165466 0.142489 0.124052 0.100217 
0.120363 

0.140949 0.24533 0.275722 0.315179 0.357872 0.405175 0.452361 0.502044 0.547913 0.59573 
0.635301 0.669959 0.698163 0.718184 0.733394 0.74221 0.746262 0.749395 0.750613 0.749674 
0.746235 0.73775 0.723139 0.701493 0.671598 0.633498 0.59096 0.54278 0.495382 0.442457 
0.39839 0.352463 0.31795 0.276932 0.245869 0.217931 0.191694 0.165961 0.146708 0.120445 
0.152849 

0.149383 0.274444 0.312826 0.370583 0.420876 0.481187 0.542616 0.606389 0.675094 0.731888 
0.787587 0.832957 0.864518 0.887057 0.900958 0.910586 0.912278 0.914255 0.915715 0.916916 
0.915207 0.908206 0.892818 0.865363 0.826854 0.777012 0.715627 0.652392 0.587896 0.52333 
0.465808 0.41149 0.36128 0.320927 0.282633 0.250663 0.221863 0.189893 0.171087 0.142932 
0.189463 

0.149781 0.310939 0.360702 0.430552 0.49687 0.578502 0.657138 0.750506 0.831436 0.916494 
0.985825 1.04181 1.0802 1.10575 1.11486 1.11359 1.11365 1.11209 1.11462 1.11949 
1.12303 1.12005 1.1042 1.0721 1.02061 0.952243 0.871732 0.784088 0.69327 0.60844 
0.529622 0.466604 0.410312 0.358868 0.320471 0.278291 0.250703 0.219182 0.195934 0.165906 
0.230534 

0.154231 0.347326 0.408681 0.497548 0.588099 0.688888 0.802695 0.918911 1.03366 1.14233 
1.23731 1.31167 1.35685 1.37765 1.37348 1.36109 1.34844 1.34154 1.34611 1.36017 
1.37608 1.383 1.37102 1.3319 1.26175 1.16551 1.05284 0.923044 0.805501 0.69484 
0.600261 0.51617 0.450245 0.395867 0.351824 0.311993 0.27796 0.245225 0.224891 0.192152 
0.275531 

0.151604 0.384012 0.466481 0.577107 0.693268 0.831736 0.97892 1.13537 1.29695 1.44945 
1.57518 1.6618 1.71213 1.71652 1.69353 1.65053 1.61428 1.59796 1.60809 1.64077 
1.6819 1.71173 1.71171 1.66593 1.56529 1.42575 1.25784 1.07864 0.907759 0.76288 
0.641422 0.553026 0.479965 0.424298 0.382233 0.339778 0.307729 0.272284 0.250101 0.218664 
0.325561 

0.148594 0.428659 0.528861 0.666873 0.81835 0.995458 1.19566 1.4148 1.63524 1.8415 
2.01488 2.13013 2.16931 2.14236 2.06306 1.96482 1.8862 1.85307 1.8789 1.95088 
2.04472 2.11692 2.14202 2.0839 1.94419 1.72613 1.46809 1.20906 0.9759 0.782954 
0.649206 0.550444 0.482883 0.440209 0.399341 0.367114 0.338466 0.302654 0.282039 0.245767 
0.378008 

0.146516 0.47247 0.594674 0.771875 0.962284 1.19615 1.46107 1.75994 2.06642 2.3639 
2.59757 2.7389 2.75869 2.65628 2.46701 2.25903 2.09782 2.04461 2.10695 2.26434 
2.45911 2.62432 2.68892 2.61979 2.39288 2.04716 1.6412 1.25294 0.923188 0.69258 
0.550514 0.47689 0.442263 0.420888 0.405371 0.387958 0.361769 0.334249 0.316026 0.278582 
0.435609 

0.134537 0.513881 0.666659 0.878297 1.11871 1.42604 1.78119 2.19099 2.62859 3.04204 
3.372 3.54337 3.49529 3.22972 2.82367 2.40136 2.10813 2.02745 2.18165 2.51074 
2.90668 3.23534 3.38712 3.27588 2.89565 2.31154 1.6545 1.05717 0.619336 0.368792 
0.277326 0.277826 0.318327 0.364092 0.393209 0.399117 0.392596 0.364151 0.349557 0.311946 
0.493186 

0.123645 0.553653 0.736891 0.993983 1.29542 1.68484 2.15605 2.71521 3.32333 3.92012 
4.3839 4.5681 4.36571 3.76785 2.923 2.10498 1.57599 1.50841 1.88484 2.56889 
3.34371 3.96985 4.25214 4.05373 3.35296 2.31324 1.20896 0.294493 -0.238859 -0.420592 
-0.342415 -0.130689 0.0830855 0.249793 0.357581 0.405352 0.423781 0.405809 0.389134 0.349489 
0.549652 

0.105781 0.588131 0.800017 1.10571 1.47166 1.96021 2.57452 3.32964 4.17974 5.02533 
5.66531 5.82994 5.27614 3.98686 2.27878 0.709807 -0.165165 -0.130873 0.816651 2.21762 
3.69013 4.83362 5.29785 4.85262 3.50204 1.60226 -0.312442 -1.70323 -2.25326 -2.07917 
-1.48503 -0.887976 -0.312496 0.069813 0.3017 0.4189 0.458444 0.449606 0.438857 0.391706 
0.605978 

0.0824727 0.615011 0.848063 1.20263 1.63598 2.23363 3.01003 4.0023 5.16103 6.35177 
7.22585 7.25954 5.94277 3.23604 -0.203596 -3.08227 -4.4483 -3.77097 -1.64633 1.14495 
3.85094 5.79862 6.46519 5.42319 2.67846 -0.927557 -4.24471 -6.13731 -6.34626 -5.18374 
-3.54804 -1.98748 -0.864291 -0.15853 0.250521 0.443041 0.513012 0.50912 0.492698 0.43655 
0.652402 

0.0586094 0.620843 0.881642 1.27154 1.76942 2.4776 3.42292 4.67681 6.20783 7.81492 
8.95365 8.62245 5.75393 0.194367 -6.40986 -11.5758 -13.2409 -11.0539 -6.25719 -0.909168 
3.7514 6.84139 7.5963 5.17286 -0.292699 -7.17077 -12.7721 -15.1682 -13.93 -10.422 
-6.56966 -3.55439 -1.52568 -0.381531 0.236004 0.500236 0.600639 0.588472 0.565035 0.491218 
0.690787 

0.0241883 0.61249 0.884489 1.30343 1.85333 2.64218 3.74514 5.25554 7.15853 9.22582 
10.6054 9.53347 3.84596 -6.68286 -18.7002 -27.1282 -28.5261 -22.8086 -13.2124 -3.83567 
3.49693 7.89975 8.3841 3.33614 -7.08544 -19.3786 -28.3224 -30.5868 -25.9476 -17.9435 
-10.4563 -5.20277 -2.10496 -0.476995 0.309604 0.63223 0.721153 0.692332 0.642678 0.548866 
0.717636 

-0.0094136 0.580332 0.858688 1.28843 1.85554 2.70401 3.90827 5.60345 7.82463 10.279 
11.8153 9.66093 0.057876 -17.3872 -36.369 -48.4744 -48.5591 -37.1697 -20.9509 -6.67265 
3.33337 8.94125 8.70881 -0.184451 -17.5728 -36.848 -49.5753 -50.5573 -40.4246 -25.979 
-13.9496 -6.39844 -2.30391 -0.318085 0.54579 0.846491 0.894494 0.822632 0.733284 0.616206 
0.726607 

-0.0464286 0.525411 0.796074 1.21143 1.77606 2.62406 3.85237 5.62097 7.9901 10.6653 
12.2597 9.16528 -3.76188 -27.0721 -51.5593 -66.0496 -64.1733 -47.4463 -25.624 -7.81018 
3.88365 9.91807 8.72764 -3.56972 -26.9108 -51.7813 -66.9025 -66.0243 -50.5574 -30.6184 
-15.1896 -6.21565 -1.7387 0.213131 0.967058 1.15574 1.10752 0.975466 0.832572 0.680818 
0.719584 

-0.0902852 0.452019 0.704916 1.08631 1.61218 2.40166 3.56441 5.25976 7.56042 10.2103 
11.8056 8.57558 -5.06036 -29.4935 -54.676 -68.7333 -65.4544 -46.7683 -23.7624 -5.83949 
5.37473 10.8654 9.07527 -4.2042 -28.8252 -54.5328 -69.3036 -66.9312 -49.626 -28.3882 
-12.8409 -4.31046 -0.391209 1.12102 1.5539 1.53097 1.35406 1.1328 0.930879 0.742369 
0.694712 

-0.128889 0.370027 0.583107 0.920813 1.37531 2.0651 3.08003 4.56846 6.60407 8.99572 
10.584 8.17833 -2.96886 -23.0861 -43.5245 -54.3781 -50.7211 -34.6281 -15.4392 -1.16376 
7.5118 11.5959 9.86948 -1.3954 -21.9968 -42.9919 -54.5766 -51.8135 -36.8719 -19.3649 
-7.17073 -0.929817 1.53124 2.23611 2.20601 1.92075 1.58888 1.2775 1.01731 0.793694 
0.653766 

-0.167444 0.273737 0.454391 0.73568 1.09897 1.66417 2.48123 3.68143 5.32719 7.31655 
8.89327 7.96435 1.46231 -10.7514 -23.02 -29.1072 -26.264 -15.8244 -3.96917 4.57808 
9.58344 11.9261 10.7725 3.73399 -9.15854 -22.0617 -28.9087 -26.8977 -17.4848 -6.96863 
-0.154469 2.76704 3.51852 3.30902 2.80044 2.25818 1.78348 1.39385 1.08053 0.828995 
0.598988 

-0.200652 0.181134 0.322221 0.539281 0.822942 1.24352 1.8591 2.75424 3.99158 5.55238 
7.06973 7.59454 5.74444 1.49426 -2.8084 -4.72313 -3.12216 1.29861 5.91667 9.05012 
10.7864 11.6404 11.237 8.48304 3.43005 -1.62071 -4.21383 -3.27663 0.26573 3.84698 
5.61049 5.72476 5.00962 4.07657 3.20256 2.47912 1.90427 1.46234 1.11352 0.843765 
0.533977 

-0.229305 0.0895375 0.198149 0.359057 0.559174 0.864537 1.29254 1.92855 2.80957 3.98147 
5.36528 6.68925 7.59021 7.98278 8.25828 8.78903 9.62724 10.5071 10.9807 10.9393 
10.7273 10.6788 10.7259 10.5767 10.1143 9.69228 9.59978 9.82088 10.0405 9.71208 
8.66063 7.19897 5.70279 4.40428 3.36099 2.54927 1.93425 1.47437 1.11007 0.835216 
0.462106 

-0.25262 0.0159779 0.0932798 0.206458 0.341086 0.543854 0.835647 1.26695 1.87839 2.7419 
3.89651 5.35225 7.04999 8.88645 10.6135 11.9252 12.5298 12.3458 11.5339 10.4819 
9.60581 9.19174 9.35094 10.0229 11.0476 12.1342 12.8957 13.0006 12.2971 10.8934 
9.09907 7.27066 5.64508 4.31016 3.2695 2.47773 1.88069 1.42952 1.07422 0.807453 
0.391677 

-0.269636 -0.0466842 0.00710593 0.0829986 0.169101 0.302728 0.492279 0.780121 1.20556 1.83127 
2.72848 3.9504 5.50944 7.27437 8.96743 10.2311 10.7829 10.5635 9.77196 8.77805 
7.92618 7.49223 7.60541 8.27638 9.33968 10.486 11.2873 11.4326 10.8099 9.57631 
8.03083 6.46681 5.06752 3.91615 2.99685 2.29106 1.74839 1.34277 1.00806 0.756337 
0.320046 

-0.276806 -0.098109 -0.0585205 -0.00532803 0.0445644 0.130398 0.251093 0.443454 0.741869 1.19256 
1.85279 2.7635 3.93071 5.2617 6.53687 7.52135 8.00139 7.93509 7.45093 6.78418 
6.18413 5.85704 5.91491 6.38236 7.13893 7.96829 8.57276 8.72989 8.35554 7.53564 
6.45402 5.323 4.26414 3.36055 2.62113 2.0399 1.57485 1.22168 0.922115 0.695144 
0.255613 

-0.281628 -0.129672 -0.102532 -0.0697639 -0.0384475 0.0132472 0.0949031 0.227033 0.435064 0.754363 
1.22107 1.8668 2.67805 3.5884 4.47261 5.17277 5.56234 5.61225 5.38152 5.00753 
4.64849 4.43814 4.47269 4.76433 5.24175 5.77035 6.1749 6.31345 6.11418 5.62424 
4.94172 4.18067 3.44094 2.77834 2.21555 1.7518 1.37974 1.0799 0.822617 0.627413 
0.198523 

-0.280782 -0.152241 -0.133666 -0.11142 -0.091591 -0.0612631 -0.00560316 0.0846441 0.231815 0.459949 
0.790419 1.23141 1.78017 2.38384 2.97472 3.45614 3.76104 3.85603 3.78146 3.59871 
3.41049 3.30414 3.33036 3.50512 3.79509 4.11585 4.37135 4.47585 4.38488 4.1023 
3.6859 3.19856 2.70078 2.23676 1.82144 1.47544 1.17702 0.941327 0.722882 0.551557 
0.152181 

-0.276399 -0.165099 -0.15018 -0.134827 -0.123845 -0.100008 -0.0654224 0.00236609 0.107168 0.268509 
0.493914 0.793178 1.16054 1.56316 1.95218 2.28622 2.51052 2.62262 2.61597 2.55378 
2.47043 2.42398 2.45269 2.56476 2.74164 2.93753 3.09749 3.16811 3.12915 2.97161 
2.72352 2.41846 2.08952 1.76931 1.4778 1.21836 0.98853 0.804921 0.620976 0.484515 
0.111094 

-0.268964 -0.170137 -0.157658 -0.145627 -0.138246 -0.123262 -0.0961184 -0.0468995 0.0246901 0.138736 
0.295581 0.501854 0.747672 1.01345 1.27647 1.50298 1.67562 1.77082 1.81013 1.79876 
1.77671 1.77329 1.80143 1.87551 1.98573 2.10775 2.20982 2.25896 2.2435 2.15642 
2.00671 1.81705 1.60785 1.38996 1.18152 0.996146 0.824346 0.678687 0.532004 0.413335 
0.0812223 

-0.259691 -0.170724 -0.159021 -0.149135 -0.143525 -0.131904 -0.112583 -0.0805294 -0.0231325 0.057147 
0.168211 0.306446 0.472241 0.652424 0.827366 0.987225 1.11342 1.19753 1.24608 1.26519 
1.27328 1.28853 1.31907 1.37576 1.44591 1.52506 1.59239 1.62565 1.62373 1.57506 
1.48967 1.37058 1.2282 1.08691 0.941685 0.808964 0.674822 0.570515 0.447317 0.354353 
0.0567217 

-0.248824 -0.167198 -0.156388 -0.146498 -0.142332 -0.132898 -0.118489 -0.092347 -0.0519497 0.00491511 
0.084154 0.179606 0.291945 0.416387 0.538251 0.649595 0.745822 0.812996 0.86364 0.89333 
0.916076 0.939502 0.971809 1.01006 1.06251 1.11458 1.15951 1.1861 1.18823 1.16078 
1.10816 1.03709 0.946298 0.849882 0.75045 0.650898 0.559057 0.470873 0.381243 0.299557 
0.0442245 

-0.237826 -0.162187 -0.151081 -0.142335 -0.138241 -0.130463 -0.119239 -0.0996421 -0.0712444 -0.0277707 
0.023202 0.0963602 0.173855 0.256134 0.34227 0.425302 0.494347 0.552386 0.596388 0.630008 
0.653778 0.680352 0.712029 0.747623 0.782318 0.818738 0.853608 0.874591 0.877233 0.863658 
0.833962 0.785698 0.726463 0.662279 0.594059 0.523515 0.454117 0.393461 0.315442 0.252924 
0.0271305 

-0.226327 -0.156189 -0.145004 -0.135742 -0.132269 -0.125141 -0.116353 -0.101437 -0.0799106 -0.0471112 
-0.00885246 0.0380442 0.0936322 0.153091 0.21908 0.275095 0.329786 0.375004 0.413066 0.442983 
0.472532 0.500497 0.521948 0.554424 0.580973 0.61283 0.635084 0.64951 0.657966 0.651318 
0.635355 0.604477 0.569036 0.524692 0.473023 0.427253 0.372651 0.326313 0.26453 0.216753 
0.0196268 

-0.216254 -0.150516 -0.139537 -0.130649 -0.126874 -0.121061 -0.114436 -0.102364 -0.0867228 -0.0640981 
-0.0379984 0.000620635 0.0371077 0.0847428 0.12388 0.171304 0.209083 0.246514 0.2779 0.309913 
0.334156 0.355784 0.384079 0.405456 0.430065 0.451664 0.471235 0.486076 0.489746 0.488605 
0.47736 0.463509 0.435986 0.407952 0.378118 0.340742 0.30424 0.26625 0.221517 0.183483 
0.0156285 

-0.207089 -0.145414 -0.134384 -0.12581 -0.122245 -0.116827 -0.111231 -0.102314 -0.0900328 -0.0731401 
-0.05195 -0.0253084 0.00383197 0.0347166 0.066332 0.10143 0.132775 0.163938 0.188985 0.211787 
0.237716 0.256771 0.276403 0.301551 0.317901 0.336131 0.355265 0.36647 0.370579 0.377488 
0.371097 0.362541 0.347256 0.32686 0.301034 0.278076 0.249022 0.225185 0.184991 0.153759 
0.010822 

-0.201577 -0.144338 -0.133605 -0.125923 -0.122843 -0.118506 -0.114863 -0.107799 -0.0998359 -0.0876733 
-0.0736117 -0.05543 -0.0359131 -0.0114969 0.0093066 0.037775 0.0610922 0.0795138 0.105967 0.126892 
0.143332 0.162716 0.184066 0.198325 0.217506 0.23546 0.248064 0.258786 0.267258 0.269304 
0.268539 0.263703 0.256368 0.245851 0.232622 0.2145 0.197738 0.180105 0.151388 0.12801 
0.00736605 

-0.19926 -0.145366 -0.135874 -0.128535 -0.125918 -0.122593 -0.119392 -0.114971 -0.108562 -0.100066 
-0.0896574 -0.0762511 -0.061349 -0.0444974 -0.0279339 -0.00711282 0.0112576 0.0315736 0.0469561 0.0638531 
0.0853476 0.100217 0.117271 0.133928 0.148026 0.159147 0.17184 0.186131 0.194201 0.199215 
0.201126 0.203699 0.197222 0.191195 0.183008 0.17646 0.161619 0.145786 0.123833 0.108174 
0.0052512 

-0.227709 -0.179916 -0.173748 -0.171006 -0.172734 -0.175887 -0.180231 -0.184918 -0.189348 -0.193925 
-0.197562 -0.20028 -0.202551 -0.20261 -0.20258 -0.198898 -0.198009 -0.191366 -0.184123 -0.175633 
-0.170385 -0.158032 -0.149709 -0.135598 -0.123748 -0.109212 -0.0951249 -0.0824725 -0.067791 -0.0567375 
-0.0409785 -0.0296629 -0.0167783 -0.00427451 0.00401123 0.0112115 0.018225 0.019152 0.0185181 0.0157488 
-0.0623857 

