result_deltaT_Hay.grd
DSAA
41 41
-250 1750
-250 1750
-4779.15 3228.99
40.2143 35.4143 28.5785 21.8766 14.1412 6.04854 -2.57765 -11.7139 -21.0785 -30.6785 
-39.937 -49.0255 -57.4074 -65.2049 -71.8773 -77.7384 -82.2787 -85.8922 -88.1787 -89.5591 
-89.6583 -88.8316 -86.7637 -83.7119 -79.4517 -74.1452 -67.7476 -60.3407 -52.1178 -43.1379 
-33.7945 -24.0343 -14.4022 -4.72989 4.3502 13.2658 21.2917 29.1686 35.9935 43.0112 
48.6811 

44.1752 38.8151 31.1398 23.6495 15.0061 5.9865 -3.81098 -13.956 -24.5817 -35.2737 
-45.6979 -55.8569 -65.1395 -73.7085 -80.9891 -87.2375 -92.0139 -95.6794 -97.9076 -99.0913 
-98.9162 -97.7283 -95.2241 -91.6161 -86.7011 -80.587 -73.2629 -64.7923 -55.4327 -45.2162 
-34.6266 -23.622 -12.8985 -2.15413 7.80296 17.4923 26.0753 34.4204 41.4873 48.7463 
54.2988 

48.5951 42.9898 34.4145 26.1153 16.4294 6.28096 -4.81226 -16.3545 -28.4942 -40.5821 
-52.543 -64.0443 -74.5485 -84.0187 -92.0437 -98.7159 -103.712 -107.355 -109.428 -110.32 
-109.83 -108.189 -105.231 -100.991 -95.3591 -88.2955 -79.8769 -70.0541 -59.2439 -47.4116 
-35.2604 -22.6734 -10.4843 1.56931 12.5774 23.1887 32.3733 41.218 48.4714 55.9181 
61.1457 

53.4998 47.7343 38.3596 29.1805 18.3204 6.89024 -5.76111 -18.9607 -32.9345 -46.8689 
-60.7399 -73.8846 -85.9223 -96.5073 -105.378 -112.446 -117.574 -121.024 -122.815 -123.248 
-122.335 -120.2 -116.733 -111.843 -105.42 -97.2719 -87.5287 -76.075 -63.4374 -49.6017 
-35.4081 -20.8129 -6.87772 6.78692 19.0573 30.6825 40.5155 49.8286 57.177 64.7036 
69.3785 

58.9026 53.2 42.9785 32.9385 20.7943 7.88934 -6.65242 -21.8724 -38.1346 -54.4512 
-70.706 -85.9188 -99.8821 -111.851 -121.598 -129.028 -134.036 -137.111 -138.283 -138.095 
-136.588 -133.909 -129.934 -124.421 -117.155 -107.817 -96.4864 -83.0027 -68.0168 -51.5863 
-34.8293 -17.7253 -1.51773 14.0631 27.7977 40.5412 51.0088 60.713 68.0106 75.4419 
79.2584 

64.8813 59.4695 48.3721 37.4685 23.8921 9.27455 -7.46723 -25.2371 -44.3286 -63.6347 
-82.9338 -100.902 -117.179 -130.814 -141.496 -149.092 -153.694 -155.847 -156.05 -154.83 
-152.576 -149.325 -144.933 -138.882 -130.864 -120.169 -106.967 -90.905 -72.9739 -53.1922 
-33.0525 -12.7035 6.2179 24.0812 39.5511 53.4517 64.4631 74.4032 81.3858 88.4749 
91.0339 

71.484 66.5575 54.7297 42.9349 27.6572 11.1752 -8.27655 -29.0329 -51.7916 -74.9735 
-98.1177 -119.765 -139.015 -154.631 -166.229 -173.6 -177.214 -177.681 -176.183 -173.446 
-170.23 -166.406 -161.889 -155.585 -146.984 -134.92 -119.451 -100.081 -78.2082 -53.9711 
-29.473 -5.04547 17.3561 37.9924 55.2408 70.3727 81.6512 91.5836 97.8726 104.24 
105 

78.8112 74.6301 62.0836 49.3845 32.3864 13.6248 -8.92242 -33.5098 -60.9041 -89.0072 
-117.422 -143.759 -166.895 -184.912 -197.413 -203.843 -205.32 -202.936 -198.604 -193.583 
-189.096 -184.98 -180.82 -174.943 -166.183 -152.741 -134.467 -110.86 -83.6308 -53.4719 
-23.1099 6.70221 33.2211 57.1611 76.2521 92.3744 103.694 113.036 118.059 123.197 
121.499 

86.8128 83.7632 70.5436 57.1151 38.204 16.922 -9.39254 -38.7849 -72.0705 -106.744 
-142.069 -174.799 -203.111 -224.159 -237.22 -241.565 -239.128 -231.823 -222.866 -214.42 
-208.427 -204.493 -201.86 -197.576 -189.593 -174.862 -153.153 -123.697 -88.9824 -50.6191 
-12.4799 24.1646 56.0207 83.4841 104.433 121.06 131.698 139.795 142.71 145.843 
140.852 

95.4938 93.9901 80.3321 66.2268 45.3745 21.2258 -9.64689 -44.9175 -85.7749 -129.253 
-174.077 -215.609 -250.931 -275.824 -288.792 -289.179 -279.78 -264.249 -247.86 -234.301 
-226.552 -224.055 -224.938 -224.583 -218.911 -203.3 -176.912 -139.206 -93.8545 -43.9743 
4.91255 50.4526 88.4694 119.805 142.036 158.361 167.139 172.859 172.561 172.744 
163.378 

104.877 105.385 91.4784 76.9222 54.0892 26.7629 -9.40317 -51.9904 -102.797 -158.058 
-215.958 -269.973 -315.262 -345.081 -356.979 -349.921 -328.671 -299.458 -271.211 -250.121 
-240.804 -242.001 -250.283 -257.659 -257.109 -241.275 -208.248 -158.187 -97.2395 -30.7112 
32.8288 89.664 134.998 169.738 192.13 206.61 211.758 213.408 208.35 204.301 
189.379 

114.842 117.764 104.07 89.3197 64.5446 33.7651 -8.51866 -60.2276 -123.797 -195.081 
-271.334 -343.314 -402.979 -439.713 -448.603 -428.449 -387.019 -335.402 -288.443 -256.476 
-246.38 -255.942 -278.232 -300.09 -309.228 -293.851 -250.763 -181.646 -96.8915 -6.27626 
77.4176 148.488 201.301 238.209 258.52 268.401 267.326 262.643 250.749 240.851 
218.983 

125.208 131.131 117.976 103.352 76.9022 42.5561 -6.86032 -69.5854 -149.728 -242.795 
-345.029 -443.416 -524.612 -571.125 -573.788 -530.918 -455.596 -367.608 -291.37 -244.304 
-236.036 -262.165 -310.073 -357.647 -383.693 -369.415 -309.939 -210.243 -88.4206 37.4969 
148.302 236.132 295.616 331.457 345.491 346.585 335.58 321.306 300.236 282.492 
252.207 

135.738 145.087 132.924 118.893 91.0439 53.0583 -4.17607 -80.3368 -181.583 -304.133 
-443.405 -581.208 -695.071 -756.25 -747.098 -665.357 -533.53 -386.844 -266.154 -199.096 
-198.784 -256.257 -348.862 -440.393 -494.56 -481.128 -393.294 -243.134 -63.1963 113.909 
260.499 366.152 428.138 456.611 457.503 443.7 417.692 389.833 356.613 328.922 
288.737 

146.045 159.15 148.373 135.468 106.518 65.1223 -0.702158 -92.5392 -220.46 -382.514 
-574.561 -771.129 -935.852 -1019.25 -989.022 -841.135 -616.27 -376.365 -189.703 -99.5609 
-119.792 -233.317 -401.488 -565.257 -663.905 -648.58 -510.667 -276.415 -5.51213 245.705 
435.272 555.434 611.192 620.628 598.331 561.016 513.692 467.751 419.172 379.268 
327.972 

155.761 172.527 163.528 152.087 122.586 77.8588 3.13276 -106.825 -267.165 -481.324 
-746.999 -1031.47 -1274.63 -1393.13 -1325.26 -1067.25 -690.723 -307.404 -29.7416 82.7349 
17.9815 -190.508 -480 -758.591 -924.387 -898.742 -670.837 -298.332 111.847 464.071 
701.034 824.117 854.429 828.439 768.56 697.734 621.74 553.127 486.063 432.094 
368.796 

164.177 184.377 177.351 167.441 137.818 89.9644 5.9321 -123.885 -322.6 -602.385 
-968.073 -1379.44 -1742.65 -1913.67 -1782.35 -1345.97 -733.289 -140.109 255.685 376.149 
227.872 -129.659 -602.919 -1053.46 -1315.86 -1261.08 -879.125 -286.438 329.216 808.96 
1085.17 1184.92 1162.82 1077.6 964.363 848.746 737.943 642.004 554.691 484.888 
409.888 

170.587 193.874 188.342 180.143 150.051 99.3719 5.81372 -144.962 -386.672 -744.109 
-1236.94 -1820.71 -2355.38 -2600.59 -2369.11 -1663.74 -711.005 165.59 694.592 792.015 
507.239 -61.0291 -787.822 -1476.35 -1866.06 -1749.09 -1126.44 -209.2 684.798 1307.77 
1596.84 1632.86 1523.49 1355.2 1173.4 1004.88 854.369 729.374 620.648 535.2 
449.028 

174.642 199.721 195.55 188.039 157.442 103.396 0.510568 -171.518 -457.039 -898.393 
-1534.88 -2326.37 -3075.2 -3410.98 -3038.81 -1983.91 -602.14 606.708 1260.61 1291.85 
822.921 -0.948213 -1032.12 -2009.78 -2544.03 -2325.18 -1379.19 -48.117 1173.82 1933.4 
2193.55 2124.82 1899.87 1632.99 1375.25 1151.42 961.262 808.025 679.413 579.509 
484.199 

175.62 201.287 197.557 189.88 157.874 99.95 -12.1847 -203.611 -529.073 -1047.03 
-1818.94 -2810.9 -3770.94 -4188.91 -3661.38 -2245.96 -436.741 1084.53 1830.85 1769.23 
1107.5 32.7424 -1290.86 -2546.85 -3210.59 -2868.12 -1582.75 164.189 1697.16 2560.59 
2762.53 2573.35 2230.51 1869.32 1543.24 1270.76 1047.33 870.49 726.04 614.414 
513.255 

173.373 198.084 193.822 184.655 150.308 87.6578 -32.6456 -239.846 -594.191 -1165.32 
-2027.64 -3151.35 -4244.35 -4703.83 -4056.38 -2388.99 -293.311 1426.54 2216.58 2078.35 
1278.13 32.6407 -1483.63 -2915.45 -3650.49 -3208.11 -1681.18 345.818 2078.7 2997.6 
3147.59 2870.81 2445.59 2021.3 1650.15 1346.56 1101.94 910.249 756.139 637.245 
534.154 

167.852 190.034 184.27 172.442 134.779 67.2485 -59.561 -275.946 -642.322 -1228.82 
-2108.02 -3245.62 -4339.69 -4779.15 -4092.31 -2377.3 -244.416 1491.14 2272.51 2109.18 
1278.94 2.10602 -1538.31 -2979.63 -3698.31 -3218.82 -1644.37 422.28 2174.94 3092.21 
3228.99 2935 2494.42 2058.16 1677.84 1367.49 1118.32 922.866 767.057 646.063 
545.572 

159.207 177.69 169.669 154.194 112.864 40.9955 -89.3333 -306.366 -664.665 -1224.03 
-2040.39 -3067.98 -4029.14 -4393.59 -3758.94 -2218.15 -308.849 1254.41 1977.9 1852.22 
1109.05 -48.1739 -1435.41 -2713.69 -3335.8 -2892.97 -1481.98 370.689 1958.12 2819.54 
2986.55 2752.44 2368.61 1973.94 1622.82 1331.13 1094.98 907.365 757.97 640.442 
546.801 

147.949 161.987 151.193 131.808 87.1259 12.2649 -117.292 -325.936 -657.132 -1154.22 
-1847.95 -2681.59 -3426.76 -3688.09 -3174.73 -1957.37 -443.016 821.899 1450.56 1400.64 
825.296 -105.694 -1217.7 -2220.7 -2698.09 -2347.87 -1237.71 232.842 1529.55 2292.25 
2510.8 2383.91 2104.24 1790.26 1497.18 1244.88 1035.97 866.287 730.29 621.249 
538.001 

134.74 144.075 130.468 107.467 60.4631 -15.1024 -139.524 -331.484 -622.372 -1037.07 
-1584.18 -2203.18 -2724.87 -2890.69 -2518.4 -1653.68 -569.261 366.077 877.138 898.324 
510.305 -161.33 -963.692 -1671.48 -2000.56 -1753.99 -970.177 86.7502 1060.32 1695.13 
1950.02 1930.32 1765.03 1546 1324.36 1122.7 949.987 804.941 687.312 590.552 
520.135 

120.397 125.232 109.139 83.318 35.4231 -38.2115 -153.52 -323.34 -567.663 -896.881 
-1305.19 -1738.45 -2081.24 -2178.93 -1928.15 -1357.81 -634.956 12.0632 400.38 462.913 
231.777 -208.565 -739.011 -1198.35 -1405.78 -1241.82 -725.352 -13.6325 675.917 1174.26 
1430.05 1485.29 1415.11 1282.54 1130.82 981.522 847.614 730.149 633.432 551.168 
494.766 

105.663 106.571 88.58 61.0989 13.9128 -55.503 -158.956 -304.176 -502.35 -754.759 
-1049.44 -1343.65 -1563.3 -1620.18 -1459.18 -1099.2 -637.378 -209.273 69.8801 144.599 
22.9725 -242.968 -569.036 -847.839 -967.49 -858.076 -526.857 -62.2354 410.298 783.951 
1012.79 1104.73 1098.44 1032.31 939.068 836.668 739.241 648.98 573.194 506.245 
463.771 

91.1459 88.888 69.9479 41.8558 -3.1411 -66.6898 -156.98 -277.888 -434.719 -624.28 
-833.695 -1032.12 -1173.32 -1208.45 -1108.59 -886.775 -598.445 -322.503 -129.339 -59.4824 
-113.758 -262.322 -449.835 -608.339 -669.592 -592.624 -379.015 -76.9786 243.295 515.641 
705.342 806.085 835.407 813.81 764.257 699.526 633.194 567.329 510.916 458.674 
429.158 

77.4302 72.8801 53.6684 26.1142 -15.6526 -72.4129 -149.422 -248.309 -370.562 -511.671 
-660.202 -795.167 -888.186 -912.261 -852.486 -717.866 -539.829 -364.41 -233.706 -175.132 
-191.836 -267.525 -367.355 -450.308 -474.601 -416.515 -274.58 -75.4318 142.578 338.854 
489.371 583.665 628.621 633.546 613.67 576.913 535.188 489.574 450.062 410.979 
392.746 

64.8388 58.8554 39.9911 13.8593 -24.0576 -73.7332 -138.405 -218.312 -312.997 -417.943 
-524.184 -617.748 -681.302 -699.937 -665.69 -585.023 -475.653 -364.835 -277.176 -230.791 
-228.216 -261.297 -308.663 -346.153 -348.359 -301.555 -203.213 -68.2786 82.5159 224.111 
340.925 422.632 471.569 490.27 488.99 471.657 448.199 418.677 392.765 365.059 
356.129 

53.5984 46.8525 28.9417 4.69445 -29.0045 -71.9052 -125.636 -189.812 -263.097 -341.71 
-418.784 -485.334 -530.469 -546.296 -528.082 -480.543 -413.573 -343.673 -284.91 -248.983 
-237.773 -247.279 -264.595 -275.975 -265.778 -226.383 -155.064 -60.5079 46.2893 149.43 
239.569 307.661 354.37 379.08 388.511 383.804 373.308 355.859 340.577 322.157 
320.434 

43.7772 36.8503 20.2406 -1.80345 -31.3458 -67.9829 -112.345 -163.875 -220.848 -280.36 
-337.27 -385.936 -419.4 -433.437 -425.087 -397.78 -356.942 -312.795 -273.091 -245.712 
-231.314 -228.69 -229.652 -226.829 -210.41 -176.457 -122.479 -53.8648 23.8968 100.315 
169.98 225.769 267.78 293.848 308.796 311.969 310.114 301.395 294.092 282.912 
286.627 

35.3384 28.6687 13.5448 -6.14024 -31.8095 -62.8645 -99.455 -140.892 -185.451 -231.162 
-274.009 -310.689 -336.351 -349.067 -346.641 -331.648 -306.916 -278.96 -251.827 -231.022 
-216.292 -208 -200.669 -190.801 -171.916 -142.385 -100.028 -48.5236 9.68108 67.3813 
121.833 167.143 203.818 228.98 246.193 253.884 257.579 254.996 253.32 247.718 
255.154 

28.2305 22.066 8.54639 -8.84565 -30.9505 -57.1981 -87.3674 -120.835 -156.04 -191.658 
-224.576 -252.977 -273.258 -284.801 -285.786 -278.264 -263.44 -245.719 -226.936 -211.046 
-197.408 -186.919 -175.959 -163.107 -143.974 -118.302 -84.1243 -44.282 0.438096 44.9468 
87.9787 124.907 156.396 179.626 197.166 207.268 214.29 215.79 218.085 216.451 
226.381 

22.3116 16.8282 4.88384 -10.32 -29.2668 -51.4237 -76.3178 -103.577 -131.65 -159.844 
-185.613 -208.032 -224.581 -234.96 -237.8 -234.766 -226.089 -214.829 -201.655 -189.463 
-177.403 -166.569 -154.503 -140.969 -122.826 -100.506 -72.389 -40.8015 -5.66341 29.3843 
63.851 94.1701 121.032 141.929 158.853 169.962 178.835 182.925 187.774 188.999 
200.282 

17.4622 12.7218 2.30315 -10.9115 -27.0823 -45.7862 -66.4184 -88.76 -111.378 -134.016 
-154.578 -172.663 -186.313 -195.66 -199.371 -199.054 -194.078 -187.029 -177.617 -168.221 
-157.746 -147.663 -135.748 -122.688 -106.134 -86.7995 -63.4479 -37.8442 -9.60601 18.4661 
46.4456 71.4742 94.4912 112.907 128.828 140.057 149.767 155.439 161.863 165.012 
176.812 

13.5411 9.54779 0.540689 -10.8713 -24.6557 -40.4784 -57.627 -76.0928 -94.5146 -112.954 
-129.546 -144.444 -155.808 -164.201 -168.321 -169.428 -166.864 -162.434 -155.626 -148.29 
-139.465 -130.342 -119.336 -107.357 -92.4956 -75.899 -56.2263 -35.2267 -12.1552 10.6794 
33.7571 54.6599 74.2526 90.5932 105.128 116.076 125.942 132.495 139.822 144.128 
155.957 

10.425 7.15246 -0.577847 -10.401 -22.1261 -35.5363 -49.8668 -65.2354 -80.3852 -95.5854 
-109.152 -121.577 -131.18 -138.74 -142.8 -144.733 -143.589 -140.928 -135.958 -130.222 
-122.782 -114.854 -104.897 -94.2475 -81.2013 -66.902 -50.225 -32.8669 -13.6903 5.1588 
24.3336 41.9337 58.7594 73.1033 86.3232 96.684 106.385 113.292 120.927 125.982 
137.443 

7.98631 5.38553 -1.21473 -9.63442 -19.6211 -31.0064 -43.0439 -55.9249 -68.5132 -81.1512 
-92.4352 -102.901 -111.075 -117.804 -121.719 -124.017 -123.826 -122.29 -118.555 -114.17 
-107.882 -101.049 -92.3442 -83.0032 -71.5662 -59.3485 -45.2044 -30.5929 -14.5781 1.13303 
17.296 32.2305 46.7732 59.3665 71.2868 80.962 90.2512 97.1866 104.828 110.224 
121.099 

6.14777 4.15065 -1.45553 -8.64893 -17.1557 -26.8425 -37.0014 -47.8693 -58.3986 -69.0417 
-78.4888 -87.4022 -94.4092 -100.419 -104.065 -106.548 -106.868 -106.126 -103.38 -99.9145 
-94.705 -88.9086 -81.361 -73.2894 -63.4098 -52.9758 -40.8625 -28.5185 -15.0505 -1.83093 
11.92 24.6518 37.252 48.3957 59.1137 68.0303 76.6996 83.5161 91.0213 96.5044 
106.636 

4.82407 3.35792 -1.37855 -7.50663 -14.7621 -23.0321 -31.638 -40.8692 -49.7427 -58.7756 
-66.7618 -74.4266 -80.4714 -85.8291 -89.2055 -91.7768 -92.3697 -92.1692 -90.1551 -87.521 
-83.1671 -78.3336 -71.8601 -64.8876 -56.4386 -47.4732 -37.1874 -26.6895 -15.2901 -4.05152 
7.69927 18.6473 29.6302 39.4558 49.049 57.2781 65.297 71.887 79.1015 84.5025 
93.8878 

