result_deltaT_RTP.grd
DSAA
41 41
-250 1750
-250 1750
-456.435 9258.17
-178.335 -181.013 -183.482 -186.448 -189.636 -192.736 -196.183 -199.304 -202.456 -205.113 
-207.712 -209.847 -211.729 -213.029 -214.076 -214.526 -214.628 -214.175 -213.313 -211.923 
-210.045 -207.724 -204.902 -201.745 -198.089 -194.26 -189.962 -185.687 -181.056 -176.62 
-171.872 -167.434 -162.807 -158.646 -154.28 -150.479 -146.526 -143.273 -139.907 -137.45 
-134.77 

-179.47 -182.356 -184.793 -187.934 -191.287 -194.854 -198.552 -202.269 -205.995 -209.338 
-212.749 -215.619 -218.393 -220.58 -222.451 -223.725 -224.587 -224.845 -224.603 -223.755 
-222.372 -220.453 -217.925 -214.998 -211.449 -207.651 -203.269 -198.809 -193.807 -188.894 
-183.548 -178.528 -173.097 -168.106 -162.881 -158.233 -153.403 -149.339 -145.128 -141.962 
-138.473 

-183.716 -187.39 -190.296 -193.973 -197.936 -202.121 -206.535 -210.976 -215.34 -219.559 
-223.73 -227.356 -230.806 -233.713 -236.235 -238.07 -239.41 -240.051 -240.104 -239.495 
-238.166 -236.275 -233.626 -230.5 -226.632 -222.423 -217.492 -212.434 -206.755 -201.147 
-195.011 -189.081 -182.809 -177.006 -170.879 -165.42 -159.752 -154.938 -149.967 -146.166 
-141.886 

-187.793 -192.314 -195.785 -200.197 -204.745 -209.727 -214.857 -220.223 -225.466 -230.697 
-235.719 -240.345 -244.639 -248.455 -251.715 -254.298 -256.226 -257.446 -257.889 -257.605 
-256.476 -254.659 -251.949 -248.673 -244.492 -239.898 -234.465 -228.807 -222.384 -215.931 
-208.869 -202.102 -194.79 -187.946 -180.793 -174.345 -167.673 -161.972 -156.06 -151.497 
-146.245 

-193.074 -198.689 -202.872 -208.155 -213.608 -219.592 -225.678 -232.061 -238.389 -244.625 
-250.601 -256.334 -261.616 -266.237 -270.366 -273.622 -276.277 -277.958 -278.809 -278.773 
-277.715 -275.865 -272.964 -269.337 -264.697 -259.502 -253.314 -246.818 -239.485 -232.125 
-224.013 -216.042 -207.599 -199.687 -191.369 -183.828 -176.055 -169.363 -162.455 -157.084 
-150.764 

-198.062 -205.077 -210.125 -216.389 -222.908 -229.994 -237.245 -244.746 -252.217 -259.718 
-266.851 -273.686 -280.09 -285.814 -290.901 -295.065 -298.399 -300.791 -302.077 -302.383 
-301.506 -299.631 -296.513 -292.578 -287.371 -281.571 -274.639 -267.327 -258.962 -250.417 
-241.133 -232.07 -222.387 -213.032 -203.471 -194.7 -185.652 -177.849 -169.757 -163.436 
-155.876 

-203.829 -212.333 -218.454 -226.084 -233.589 -241.985 -250.453 -259.329 -268.23 -276.892 
-285.418 -293.45 -300.888 -307.69 -313.77 -318.983 -323.047 -326.153 -327.977 -328.668 
-327.848 -325.936 -322.481 -318.029 -312.161 -305.515 -297.549 -289.237 -279.78 -270.169 
-259.683 -249.173 -238.058 -227.486 -216.389 -206.365 -195.855 -186.765 -177.435 -170.091 
-161.087 

-209.395 -219.776 -227.037 -235.996 -244.755 -254.539 -264.341 -274.737 -284.855 -295.057 
-304.708 -313.932 -322.493 -330.492 -337.546 -343.794 -348.934 -352.939 -355.447 -356.605 
-356.017 -353.981 -350.126 -345.075 -338.361 -330.853 -321.948 -312.63 -302.005 -291.213 
-279.371 -267.895 -255.258 -243.264 -230.662 -219.028 -207.14 -196.664 -185.801 -177.313 
-166.701 

-215.339 -227.801 -236.256 -246.799 -256.961 -268.244 -279.566 -291.297 -302.658 -313.975 
-324.712 -334.966 -344.378 -353.237 -361.17 -368.541 -374.832 -379.974 -383.459 -385.332 
-384.902 -382.699 -378.169 -372.184 -364.323 -355.716 -345.67 -335.228 -323.82 -312.243 
-299.464 -286.608 -272.849 -259.522 -245.423 -232.318 -218.78 -206.954 -194.555 -184.771 
-172.302 

-220.96 -235.65 -245.532 -257.712 -269.358 -282.225 -294.778 -307.673 -320.068 -332.122 
-343.107 -353.461 -363.103 -372.314 -381.045 -389.515 -397.295 -404.177 -409.151 -412.104 
-412.153 -409.595 -404.068 -396.583 -386.979 -376.97 -365.862 -354.813 -342.986 -331.26 
-318.184 -305.222 -290.542 -276.265 -260.826 -246.3 -231.084 -217.736 -203.664 -192.604 
-178.073 

-226.654 -243.909 -255.217 -269.094 -282.169 -296.489 -310.125 -323.867 -336.283 -347.791 
-357.647 -366.495 -374.38 -382.581 -391.162 -400.765 -410.663 -420.339 -428.065 -433.077 
-433.729 -430.5 -423.018 -412.844 -400.554 -388.261 -376.027 -365.233 -354.37 -344.239 
-332.815 -320.677 -306.561 -292.196 -275.844 -260.306 -243.597 -228.731 -212.877 -200.38 
-183.65 

-232.144 -251.858 -264.63 -280.301 -294.623 -309.984 -324.041 -337.445 -348.274 -357.035 
-362.569 -366.348 -369.066 -373.186 -379.771 -390.359 -403.746 -418.807 -431.834 -440.846 
-443.053 -438.351 -426.824 -411.46 -393.854 -378.065 -364.927 -356.224 -349.415 -344.509 
-338.098 -330.516 -319.096 -306.098 -290.026 -274.012 -256.006 -239.97 -222.357 -208.358 
-189.237 

-237.288 -259.695 -273.971 -291.142 -306.446 -322.526 -335.847 -347.19 -353.584 -355.014 
-350.336 -341.791 -331.542 -324.925 -325.72 -336.922 -357.11 -382.626 -406.834 -424.199 
-429.35 -421.751 -401.989 -375.474 -347.321 -324.89 -311.127 -308.127 -311.972 -320.082 
-326.119 -328.412 -324.301 -315.837 -301.883 -286.395 -267.828 -250.641 -231.53 -216.118 
-194.56 

-241.952 -266.942 -282.617 -301.125 -316.978 -332.634 -343.701 -349.866 -346.723 -333.253 
-307.36 -272.254 -233.768 -202.938 -189.633 -201.147 -235.069 -283.304 -330.746 -365.465 
-377.077 -363.026 -325.992 -276.098 -225.349 -189.172 -175.325 -186.586 -215.119 -251.099 
-283.401 -307.581 -318.229 -319.156 -310.22 -296.968 -278.854 -261.015 -240.445 -223.687 
-199.705 

-246.252 -273.709 -290.577 -310.222 -325.829 -339.975 -346.329 -343.143 -322.71 -281.445 
-214.51 -126.572 -29.1635 53.7104 98.1613 87.0703 24.0767 -71.3892 -169.385 -240.184 
-264.802 -237.921 -164.625 -65.2366 33.0114 98.1217 112.202 70.5546 -10.1794 -106.08 
-191.566 -255.152 -294.637 -312.623 -313.318 -304.683 -288.084 -270.421 -248.912 -230.903 
-204.721 

-249.935 -279.551 -297.265 -317.566 -332.32 -343.278 -342.132 -323.725 -275.399 -186.866 
-47.0507 141.198 355.2 545.871 656.333 646.15 521.122 323.916 125.599 -17.4332 
-68.2547 -15.4264 130.092 331.483 530.139 656.808 669.157 561.132 373.806 161.165 
-24.1898 -162.531 -248.189 -294.305 -310.121 -309.219 -295.518 -278.792 -256.676 -237.704 
-209.652 

-253.185 -284.44 -302.947 -323.326 -336.545 -343.045 -331.099 -291.166 -201.759 -40.188 
219.916 584.4 1017.27 1418.67 1659.92 1651.9 1400.88 1004.4 608.304 330.244 
232.083 331.887 612.649 1011.08 1409.2 1662.55 1672.06 1432.95 1034.56 603.329 
241.557 -16.195 -175.645 -262.42 -300.345 -309.748 -301.2 -285.77 -263.93 -243.909 
-214.672 

-255.601 -288.303 -307.059 -327.415 -338.395 -339.232 -314.281 -247.516 -104.437 157.278 
593.958 1236.64 2038.2 2810.12 3287.92 3281.52 2801.75 2048.37 1309.87 806.493 
631.823 808.383 1314.49 2053.97 2809.8 3292.65 3299.4 2824.99 2054.38 1255.2 
614.248 179.608 -79.9371 -220.18 -285.009 -307.777 -304.851 -291.78 -270.298 -249.889 
-219.944 

-257.597 -290.969 -310.169 -329.977 -338.674 -333.637 -295.143 -199.405 2.7842 381.841 
1036.96 2048.47 3368.63 4683.35 5510.01 5506.59 4684.98 3402.06 2173.66 1360.33 
1085.48 1362.21 2177.46 3407.22 4692.28 5516.48 5521.88 4697.39 3384.49 2066.06 
1056.61 403.587 26.5689 -173.675 -267.521 -303.987 -307.257 -296.562 -275.892 -255.351 
-225.47 

-258.853 -292.36 -311.729 -331.057 -337.893 -327.99 -277.97 -157.425 97.4277 584.253 
1449.89 2832.18 4694.93 6591.28 7793.13 7792.65 6600.42 4749.26 3002.99 1871.04 
1493.22 1872.79 3006.12 4753.18 6608.36 7801.22 7804.63 6604.21 4709.49 2848.58 
1467.19 604.092 119.051 -133.423 -252.66 -300.631 -309.286 -300.708 -281.017 -260.39 
-231.491 

-259.301 -292.533 -312.2 -331.132 -337.116 -324.224 -267.852 -132.689 153.389 705.769 
1701.82 3319.15 5530.15 7802.19 9247.87 9248.39 7815.58 5593.78 3515.47 2179.63 
1736.54 2181.69 3519.22 5598.58 7821.96 9256.86 9258.17 7813.72 5544.46 3334.8 
1718.91 724.101 173.187 -110.889 -244.73 -299.522 -311.447 -304.159 -285.348 -264.831 
-237.699 

-259.008 -291.501 -311.275 -330.278 -336.451 -323.654 -267.493 -132.426 153.506 705.81 
1701.76 3319.11 5530.05 7801.04 9246.91 9247.43 7814.89 5593.63 3513.93 2179.58 
1735.51 2180.6 3517.5 5598.53 7821.21 9255.37 9256.96 7811.83 5542.5 3333.42 
1717.37 722.018 171.64 -112.963 -247.006 -301.917 -314.324 -307.085 -289.138 -268.727 
-244.109 

-257.765 -289.164 -309.311 -328.629 -336.142 -326.477 -277.131 -156.741 97.6996 584.371 
1449.49 2831.96 4694.54 6591.22 7792.9 7791.12 6599.31 4746.36 3000.29 1868.86 
1490.45 1870.16 3003.34 4750.26 6605.48 7797.87 7800.89 6600.89 4705.75 2844.27 
1462.92 599.307 113.626 -139.459 -259.371 -307.537 -317.569 -309.292 -291.889 -271.734 
-250.143 

-255.438 -285.558 -305.996 -325.848 -335.786 -331.044 -293.614 -198.121 3.24943 381.925 
1036.52 2047.69 3367.41 4682.16 5507.02 5504.21 4682.09 3398.4 2170.83 1356.97 
1081.43 1358.37 2173.25 3402.51 4687.18 5510.83 5515.24 4690.53 3377.36 2058.64 
1048.4 395.065 16.9434 -183.504 -278.697 -315.513 -320.934 -310.757 -293.664 -273.865 
-255.553 

-251.958 -280.593 -301.253 -321.658 -334.36 -335.764 -312.105 -245.768 -103.852 157.521 
593.214 1235.68 2036.26 2807.91 3284.09 3278.58 2797.92 2043.77 1305.38 801.31 
626.983 802.383 1307.71 2047.26 2802.6 3284.32 3291.11 2815.58 2044.88 1245.35 
603.613 168.66 -92.1916 -233.44 -300.086 -323.223 -323.142 -310.78 -293.916 -274.657 
-259.674 

-247.332 -274.499 -295.184 -316.01 -331.169 -338.48 -328.217 -288.995 -200.728 -39.8231 
219.059 583.01 1014.78 1415.19 1655.71 1647.25 1395.42 999.16 602.281 323.176 
224.887 324.231 604.297 1002.13 1399.3 1652.11 1661.35 1421.9 1022.16 591.11 
227.71 -30.5483 -191.447 -279.17 -319.039 -329.261 -323.799 -309.256 -292.802 -274.287 
-262.484 

-241.597 -267.327 -287.734 -308.656 -325.794 -337.914 -338.59 -321.112 -274.238 -186.525 
-48.0036 139.511 352.492 542.535 651.679 641.404 514.985 318.416 118.428 -25.3036 
-76.64 -24.3476 120.141 321.067 518.496 645.532 656.582 548.043 358.645 146.27 
-40.9264 -179.122 -266.978 -313.674 -331.946 -331.579 -321.733 -305.816 -289.778 -272.271 
-263.351 

-234.925 -258.97 -279.071 -299.75 -318.031 -333.506 -341.949 -339.842 -321.308 -280.972 
-215.672 -128.268 -32.3407 49.9776 93.2686 81.556 17.1629 -79.2652 -177.721 -249.125 
-274.824 -248.438 -176.369 -77.3174 19.9394 84.8984 97.1054 54.4487 -27.5122 -123.153 
-210.257 -275.38 -316.066 -334.824 -338.078 -330.22 -317.277 -300.628 -285.315 -268.923 
-262.512 

-227.46 -249.978 -269.342 -289.38 -308.085 -325.326 -338.764 -346.278 -345.107 -332.647 
-308.273 -274.089 -237.062 -207.135 -195.241 -207.375 -242.516 -291.229 -340.164 -375.482 
-388.272 -374.787 -339.035 -289.574 -240.289 -204.601 -192.113 -203.726 -233.415 -270.241 
-304.481 -328.865 -341.761 -343.302 -337.167 -324.634 -310.236 -293.384 -279.226 -264.248 
-259.838 

-219.37 -240.387 -258.764 -277.889 -296.336 -314.132 -330.13 -342.924 -351.372 -354.142 
-351.306 -343.792 -335.214 -329.466 -331.764 -343.822 -365.427 -391.826 -417.5 -435.402 
-441.942 -435.019 -416.631 -390.732 -363.95 -341.983 -329.67 -327.259 -332.802 -341.339 
-349.123 -352.058 -350.107 -342.219 -330.875 -316.142 -301.272 -285.132 -272.056 -258.479 
-255.81 

-210.874 -230.359 -247.677 -265.591 -283.328 -300.832 -317.576 -332.75 -345.871 -356.021 
-363.479 -368.445 -372.957 -378.06 -386.228 -397.766 -412.687 -428.556 -442.993 -452.889 
-456.435 -452.548 -442.505 -427.775 -411.73 -396.581 -384.875 -376.634 -371.63 -367.252 
-362.678 -355.567 -346.196 -333.854 -320.45 -305.055 -290.611 -275.609 -263.765 -251.79 
-250.262 

-202.208 -220.255 -236.424 -253.022 -269.677 -286.319 -302.838 -318.503 -333.197 -346.305 
-358.151 -368.476 -378.332 -387.667 -397.926 -408.665 -420.208 -430.892 -440.216 -446.099 
-448.37 -446.02 -439.935 -430.619 -419.88 -408.392 -397.64 -387.383 -378.239 -368.748 
-358.964 -347.63 -335.544 -321.612 -307.767 -292.9 -279.431 -265.616 -255.115 -244.481 
-243.959 

-193.466 -210.124 -225.083 -240.331 -255.722 -271.13 -286.684 -301.695 -316.521 -330.228 
-343.384 -355.269 -366.821 -377.349 -387.797 -397.55 -407.016 -414.944 -421.668 -425.584 
-427.256 -425.687 -421.673 -415.117 -407.161 -397.944 -388.35 -378.035 -367.855 -356.779 
-345.549 -333.076 -320.368 -306.71 -293.497 -279.745 -267.449 -255.226 -245.875 -236.677 
-236.766 

-184.908 -200.237 -214.025 -227.934 -242.008 -256.088 -270.403 -284.368 -298.398 -311.561 
-324.534 -336.285 -347.804 -358.167 -368.074 -376.826 -384.939 -391.345 -396.636 -399.638 
-400.978 -399.883 -396.997 -391.972 -385.784 -378.063 -369.627 -360.039 -350.153 -339.289 
-328.219 -316.152 -304.057 -291.414 -279.286 -266.847 -255.955 -245.024 -237.019 -228.951 
-229.585 

-176.496 -190.576 -203.202 -215.812 -228.589 -241.262 -254.263 -266.891 -279.685 -291.77 
-303.735 -314.857 -325.486 -335.021 -344.09 -351.856 -358.834 -364.215 -368.596 -371.023 
-372.102 -371.342 -369.257 -365.239 -360.135 -353.653 -346.43 -337.97 -328.895 -318.933 
-308.717 -297.765 -286.824 -275.514 -264.793 -253.821 -244.371 -234.852 -227.876 -220.948 
-221.791 

-168.458 -181.359 -192.927 -204.327 -215.875 -227.265 -238.95 -250.249 -261.804 -272.705 
-283.501 -293.459 -303.144 -311.69 -319.941 -326.707 -332.91 -337.57 -341.342 -343.428 
-344.578 -343.993 -342.314 -339.225 -334.981 -329.589 -323.302 -315.918 -308.048 -299.311 
-290.316 -280.513 -270.997 -260.972 -251.558 -242.06 -233.736 -225.512 -219.423 -213.517 
-214.301 

-160.632 -172.422 -182.965 -193.25 -203.653 -213.78 -224.222 -234.235 -244.49 -254.081 
-263.713 -272.515 -281.098 -288.742 -295.873 -301.87 -307.195 -311.231 -314.568 -316.535 
-317.537 -317.173 -315.967 -313.314 -309.948 -305.395 -300.117 -293.839 -287.04 -279.469 
-271.693 -263.438 -255.107 -246.612 -238.57 -230.388 -223.286 -216.161 -211.13 -206.079 
-206.922 

-153.233 -164.018 -173.637 -182.905 -192.287 -201.335 -210.664 -219.531 -228.664 -237.124 
-245.722 -253.518 -261.163 -267.774 -274.132 -279.464 -284.246 -287.894 -290.82 -292.605 
-293.694 -293.414 -292.602 -290.595 -287.754 -283.978 -279.692 -274.336 -268.59 -262.328 
-255.676 -248.625 -241.521 -234.185 -227.271 -220.296 -214.204 -208.142 -203.684 -199.349 
-200.094 

-145.916 -155.741 -164.476 -172.803 -181.218 -189.245 -197.524 -205.324 -213.337 -220.737 
-228.243 -234.959 -241.633 -247.399 -252.944 -257.609 -261.738 -264.805 -267.585 -269.11 
-270.112 -270.1 -269.515 -267.857 -265.727 -262.716 -259.132 -254.769 -250.044 -244.754 
-239.252 -233.407 -227.589 -221.523 -215.76 -209.944 -204.953 -199.906 -196.203 -192.524 
-193.241 

-138.968 -147.935 -155.871 -163.383 -170.964 -178.143 -185.55 -192.459 -199.602 -206.109 
-212.758 -218.676 -224.594 -229.648 -234.583 -238.738 -242.494 -245.328 -247.773 -249.347 
-250.47 -250.61 -250.362 -249.14 -247.448 -244.949 -242.118 -238.676 -234.8 -230.445 
-225.944 -221.131 -216.22 -211.24 -206.523 -201.736 -197.434 -193.126 -190.035 -186.947 
-187.469 

-131.282 -139.379 -146.496 -153.162 -159.872 -166.108 -172.548 -178.429 -184.508 -189.92 
-195.467 -200.256 -205.086 -209.122 -213.124 -216.317 -219.332 -221.61 -223.609 -224.811 
-225.75 -225.937 -225.71 -224.889 -223.566 -221.725 -219.52 -216.887 -213.932 -210.652 
-207.334 -203.796 -200.258 -196.646 -193.168 -189.749 -186.662 -183.532 -181.471 -179.21 
-179.928 

