examples/result_deltaTTz.grd
DSAA
41 41
-250 1750
-250 1750
-68.09211774 12.76657485
0.09729 0.1095 0.1227 0.1368 0.1515 0.1668 0.1823 0.1978 0.213 0.2275 
0.2411 0.2535 0.2645 0.274 0.2819 0.2881 0.2928 0.2959 0.2975 0.2974 
0.2958 0.2924 0.2873 0.2805 0.272 0.262 0.2507 0.2382 0.2251 0.2114 
0.1977 0.184 0.1708 0.158 0.1459 0.1344 0.1237 0.1138 0.1045 0.096 
0.08811 

0.1101 0.1248 0.1408 0.158 0.1761 0.195 0.2142 0.2335 0.2524 0.2704 
0.2872 0.3025 0.3158 0.3272 0.3366 0.3439 0.3493 0.3528 0.3545 0.3544 
0.3522 0.348 0.3417 0.3331 0.3224 0.3097 0.2952 0.2794 0.2627 0.2455 
0.2283 0.2114 0.1951 0.1795 0.1649 0.1513 0.1386 0.1269 0.1162 0.1063 
0.09721 

0.1247 0.1425 0.162 0.183 0.2055 0.2289 0.253 0.2772 0.3009 0.3235 
0.3445 0.3632 0.3795 0.3932 0.4042 0.4126 0.4187 0.4227 0.4245 0.4242 
0.4216 0.4165 0.4086 0.3979 0.3842 0.368 0.3494 0.3291 0.3077 0.2859 
0.2642 0.2431 0.223 0.204 0.1864 0.1702 0.1553 0.1416 0.1291 0.1177 
0.1072 

0.1414 0.163 0.1867 0.2127 0.2406 0.2701 0.3005 0.3311 0.3611 0.3897 
0.416 0.4393 0.4591 0.4753 0.488 0.4976 0.5043 0.5085 0.5105 0.5101 
0.5071 0.501 0.4914 0.4779 0.4605 0.4395 0.4155 0.3891 0.3615 0.3335 
0.306 0.2796 0.2548 0.2317 0.2106 0.1913 0.1737 0.1578 0.1433 0.1302 
0.1183 

0.1605 0.1865 0.2157 0.248 0.2829 0.3201 0.3588 0.398 0.4365 0.4729 
0.5061 0.5351 0.5592 0.5783 0.5926 0.6028 0.6098 0.6142 0.6163 0.616 
0.6128 0.6058 0.5943 0.5775 0.5552 0.5279 0.4963 0.4617 0.4256 0.3894 
0.3543 0.3212 0.2906 0.2626 0.2373 0.2146 0.1941 0.1756 0.159 0.144 
0.1304 

0.182 0.2137 0.2496 0.2898 0.3338 0.3812 0.4309 0.4815 0.5313 0.5783 
0.6207 0.6569 0.686 0.7079 0.7233 0.7334 0.7399 0.7439 0.7461 0.7464 
0.7437 0.7365 0.723 0.7022 0.6735 0.6373 0.5952 0.5491 0.5014 0.4543 
0.4094 0.3678 0.3302 0.2965 0.2665 0.24 0.2163 0.1951 0.1762 0.1591 
0.1436 

0.2062 0.2447 0.289 0.3392 0.3951 0.4559 0.5203 0.5865 0.6517 0.7131 
0.7677 0.8131 0.8479 0.872 0.8869 0.895 0.8993 0.9021 0.9046 0.9065 
0.9058 0.8997 0.8849 0.8593 0.8218 0.7732 0.7161 0.6537 0.5899 0.528 
0.4704 0.4184 0.3725 0.3325 0.2976 0.2671 0.2402 0.2162 0.1948 0.1755 
0.1581 

0.2331 0.28 0.3347 0.3976 0.4688 0.5473 0.6316 0.719 0.8055 0.8868 
0.958 1.015 1.056 1.08 1.091 1.094 1.092 1.092 1.096 1.102 
1.106 1.104 1.089 1.058 1.009 0.942 0.8627 0.7766 0.6901 0.6083 
0.5345 0.4703 0.4154 0.369 0.3294 0.2952 0.2654 0.2388 0.215 0.1934 
0.1739 

0.2627 0.3195 0.387 0.4661 0.557 0.6591 0.7703 0.8869 1.003 1.112 
1.206 1.278 1.324 1.345 1.345 1.334 1.321 1.316 1.321 1.336 
1.352 1.36 1.349 1.311 1.244 1.15 1.037 0.916 0.7972 0.6888 
0.5953 0.5177 0.4544 0.4028 0.36 0.3234 0.2914 0.2628 0.2367 0.213 
0.1912 

0.2945 0.3632 0.4463 0.5455 0.6618 0.795 0.9428 1.1 1.259 1.408 
1.533 1.624 1.672 1.679 1.654 1.615 1.58 1.565 1.576 1.609 
1.65 1.68 1.68 1.635 1.54 1.402 1.237 1.062 0.8975 0.7548 
0.6392 0.5497 0.4815 0.4288 0.3863 0.3501 0.3177 0.288 0.2602 0.2342 
0.2102 

0.3281 0.4106 0.5123 0.6363 0.785 0.959 1.156 1.371 1.59 1.795 
1.966 2.079 2.122 2.095 2.018 1.923 1.845 1.814 1.84 1.912 
2.004 2.079 2.102 2.047 1.907 1.697 1.445 1.188 0.9587 0.7744 
0.6392 0.5463 0.4835 0.4391 0.4043 0.3734 0.3437 0.3144 0.2856 0.2577 
0.2311 

0.3622 0.4603 0.5838 0.7379 0.927 1.154 1.418 1.711 2.017 2.305 
2.539 2.679 2.698 2.598 2.413 2.209 2.054 2.001 2.063 2.218 
2.41 2.572 2.64 2.569 2.349 2.011 1.614 1.229 0.9106 0.6843 
0.546 0.4732 0.4393 0.4223 0.4085 0.3914 0.3691 0.3427 0.3136 0.2837 
0.2544 

0.3954 0.5105 0.6587 0.848 1.087 1.381 1.733 2.135 2.563 2.973 
3.298 3.465 3.42 3.162 2.763 2.35 2.059 1.983 2.136 2.46 
2.848 3.174 3.322 3.215 2.842 2.269 1.622 1.036 0.6069 0.3624 
0.2713 0.2752 0.3186 0.3642 0.3938 0.4031 0.3947 0.3738 0.3452 0.3133 
0.2806 

0.4256 0.5584 0.7333 0.9623 1.259 1.636 2.101 2.65 3.251 3.836 
4.291 4.474 4.275 3.688 2.861 2.054 1.536 1.467 1.841 2.515 
3.276 3.896 4.173 3.975 3.292 2.274 1.184 0.2909 -0.245 -0.4166 
-0.3317 -0.1295 0.08309 0.2504 0.3573 0.4101 0.423 0.41 0.3822 0.3473 
0.3104 

0.4501 0.6002 0.8023 1.074 1.435 1.909 2.514 3.252 4.089 4.922 
5.554 5.715 5.17 3.902 2.223 0.6837 -0.1818 -0.1133 0.7876 2.17 
3.616 4.739 5.198 4.762 3.435 1.552 -0.3241 -1.661 -2.202 -2.04 
-1.485 -0.8452 -0.3048 0.07432 0.3031 0.4188 0.4594 0.4552 0.4267 0.3872 
0.3444 

0.4662 0.6315 0.859 1.172 1.6 2.179 2.945 3.916 5.058 6.224 
7.084 7.118 5.825 3.156 -0.1971 -3.053 -4.362 -3.751 -1.642 1.126 
3.772 5.69 6.345 5.318 2.645 -0.9223 -4.175 -6.064 -6.229 -5.098 
-3.468 -1.966 -0.8562 -0.149 0.2493 0.4427 0.5127 0.5144 0.4817 0.4343 
0.3832 

0.471 0.6477 0.8956 1.245 1.735 2.418 3.351 4.58 6.083 7.663 
8.782 8.46 5.636 0.1937 -6.309 -11.38 -13.03 -10.85 -6.171 -0.8849 
3.673 6.715 7.451 5.083 -0.3053 -7.035 -12.56 -14.91 -13.69 -10.26 
-6.477 -3.482 -1.51 -0.364 0.233 0.5037 0.5945 0.5933 0.5495 0.4895 
0.4269 

0.4623 0.6446 0.905 1.279 1.816 2.585 3.669 5.147 7.022 9.05 
10.41 9.352 3.765 -6.601 -18.38 -26.68 -28.07 -22.41 -13.02 -3.767 
3.397 7.759 8.236 3.277 -6.996 -19.03 -27.85 -30.05 -25.51 -17.63 
-10.27 -5.127 -2.079 -0.4632 0.3103 0.6287 0.7169 0.6968 0.6316 0.5527 
0.4749 

0.4388 0.6196 0.8816 1.264 1.824 2.644 3.829 5.493 7.672 10.09 
11.6 9.478 0.04423 -17.11 -35.76 -47.65 -47.74 -36.53 -20.61 -6.589 
3.277 8.772 8.525 -0.2028 -17.28 -36.23 -48.72 -49.69 -39.74 -25.53 
-13.72 -6.274 -2.256 -0.3062 0.5403 0.8405 0.8869 0.8257 0.7269 0.6224 
0.5257 

0.4006 0.5722 0.8235 1.195 1.747 2.567 3.776 5.51 7.836 10.47 
12.03 8.995 -3.725 -26.62 -50.7 -64.93 -63.11 -46.62 -25.18 -7.672 
3.806 9.746 8.587 -3.523 -26.44 -50.91 -65.78 -64.89 -49.71 -30.08 
-14.95 -6.12 -1.726 0.2172 0.9554 1.144 1.101 0.9749 0.8306 0.6949 
0.5766 

0.3498 0.5048 0.7336 1.074 1.585 2.351 3.494 5.155 7.417 10.02 
11.59 8.409 -4.979 -28.99 -53.74 -67.55 -64.33 -46 -23.37 -5.756 
5.257 10.66 8.924 -4.147 -28.37 -53.59 -68.09 -65.8 -48.75 -27.89 
-12.61 -4.228 -0.3902 1.105 1.531 1.514 1.341 1.132 0.9346 0.7647 
0.6241 

0.2895 0.4223 0.6192 0.9135 1.356 2.022 3.02 4.476 6.477 8.825 
10.39 8.021 -2.924 -22.72 -42.8 -53.46 -49.88 -34.02 -15.21 -1.13 
7.364 11.38 9.683 -1.376 -21.6 -42.27 -53.64 -50.95 -36.25 -19.03 
-7.037 -0.9406 1.508 2.203 2.174 1.899 1.576 1.278 1.028 0.8252 
0.6641 

0.2241 0.3315 0.491 0.7294 1.088 1.626 2.43 3.604 5.223 7.176 
8.724 7.811 1.419 -10.57 -22.61 -28.64 -25.81 -15.57 -3.922 4.482 
9.403 11.71 10.58 3.631 -8.999 -21.71 -28.44 -26.42 -17.19 -6.859 
-0.1778 2.727 3.456 3.254 2.756 2.23 1.769 1.394 1.099 0.8698 
0.6926 

0.1583 0.2396 0.3606 0.5414 0.8123 1.218 1.82 2.696 3.912 5.44 
6.936 7.446 5.63 1.45 -2.8 -4.666 -3.076 1.244 5.807 8.879 
10.59 11.43 11.03 8.327 3.358 -1.598 -4.134 -3.248 0.2485 3.774 
5.513 5.62 4.921 4.008 3.154 2.446 1.89 1.463 1.139 0.8933 
0.7066 

0.09637 0.1534 0.2388 0.3666 0.5579 0.8435 1.267 1.883 2.751 3.9 
5.257 6.562 7.445 7.832 8.107 8.627 9.448 10.31 10.78 10.73 
10.53 10.48 10.53 10.38 9.928 9.511 9.42 9.645 9.859 9.537 
8.506 7.069 5.607 4.331 3.307 2.517 1.922 1.476 1.143 0.8933 
0.7047 

0.04152 0.07776 0.1329 0.2166 0.3429 0.5327 0.8159 1.233 1.837 2.683 
3.816 5.244 6.917 8.715 10.42 11.7 12.3 12.12 11.32 10.29 
9.424 9.02 9.175 9.839 10.85 11.91 12.66 12.77 12.08 10.7 
8.937 7.141 5.544 4.238 3.219 2.446 1.867 1.435 1.112 0.8699 
0.687 

-0.004226 0.01549 0.04718 0.09717 0.175 0.2951 0.4788 0.7573 1.175 1.788 
2.667 3.869 5.398 7.134 8.801 10.04 10.58 10.37 9.591 8.61 
7.777 7.35 7.461 8.119 9.168 10.29 11.08 11.22 10.61 9.401 
7.885 6.35 4.98 3.846 2.951 2.263 1.741 1.347 1.051 0.8262 
0.6554 

-0.04016 -0.03259 -0.01781 0.008476 0.05297 0.126 0.2437 0.4299 0.7195 1.16 
1.806 2.704 3.851 5.154 6.411 7.374 7.847 7.785 7.309 6.652 
6.063 5.74 5.799 6.256 7.005 7.818 8.415 8.57 8.202 7.396 
6.338 5.224 4.19 3.304 2.582 2.011 1.569 1.228 0.9673 0.767 
0.6128 

-0.06659 -0.06727 -0.06373 -0.05288 -0.02977 0.01344 0.08893 0.215 0.4176 0.7306 
1.19 1.823 2.62 3.515 4.382 5.068 5.454 5.501 5.273 4.905 
4.552 4.35 4.383 4.667 5.138 5.658 6.056 6.19 6 5.518 
4.847 4.102 3.377 2.729 2.18 1.732 1.374 1.092 0.8705 0.6978 
0.5627 

-0.08454 -0.09031 -0.09359 -0.09201 -0.08174 -0.05669 -0.007582 0.07915 0.2219 0.4429 
0.7642 1.198 1.734 2.33 2.909 3.384 3.682 3.777 3.699 3.522 
3.338 3.231 3.257 3.43 3.715 4.032 4.285 4.387 4.296 4.022 
3.614 3.137 2.651 2.196 1.796 1.456 1.177 0.9504 0.7687 0.6238 
0.5084 

-0.09539 -0.1039 -0.1108 -0.1143 -0.1113 -0.09695 -0.06437 -0.003781 0.09732 0.253 
0.4756 0.7702 1.128 1.522 1.907 2.232 2.455 2.561 2.56 2.494 
2.414 2.37 2.398 2.507 2.679 2.872 3.03 3.103 3.063 2.91 
2.667 2.368 2.049 1.738 1.453 1.203 0.991 0.8139 0.6683 0.5495 
0.4531 

-0.1006 -0.1103 -0.1188 -0.1246 -0.1253 -0.1172 -0.09518 -0.05231 0.01963 0.1292 
0.2833 0.4834 0.7228 0.9842 1.241 1.465 1.631 1.729 1.763 1.755 
1.733 1.726 1.757 1.83 1.938 2.057 2.157 2.208 2.193 2.109 
1.964 1.778 1.571 1.362 1.163 0.9826 0.8241 0.6883 0.5738 0.4783 
0.3992 

-0.1017 -0.1114 -0.1202 -0.1268 -0.1292 -0.1247 -0.1096 -0.07892 -0.0275 0.04989 
0.1569 0.2936 0.4551 0.6307 0.8048 0.9604 1.083 1.167 1.213 1.232 
1.24 1.254 1.285 1.338 1.41 1.486 1.55 1.587 1.584 1.537 
1.452 1.336 1.203 1.063 0.9249 0.7959 0.6794 0.5767 0.488 0.4123 
0.3484 

-0.09976 -0.1089 -0.1173 -0.1238 -0.1269 -0.1244 -0.1138 -0.09178 -0.05485 5.857e-005 
0.07482 0.1691 0.2794 0.3991 0.5188 0.6286 0.7202 0.7889 0.8356 0.8655 
0.8872 0.9098 0.9403 0.9815 1.031 1.083 1.126 1.153 1.155 1.13 
1.079 1.008 0.9216 0.8281 0.7333 0.6419 0.5569 0.48 0.412 0.3528 
0.3017 

-0.09581 -0.1041 -0.1117 -0.1177 -0.1208 -0.1196 -0.1121 -0.09615 -0.06948 -0.03027 
0.02245 0.08819 0.1646 0.2476 0.3314 0.4101 0.4786 0.5342 0.5767 0.6089 
0.6352 0.6607 0.6892 0.7224 0.7591 0.7957 0.8267 0.8468 0.8515 0.8387 
0.8089 0.7642 0.7086 0.6463 0.5811 0.5165 0.4549 0.3978 0.3461 0.3001 
0.2597 

-0.09063 -0.098 -0.1047 -0.1099 -0.1129 -0.1124 -0.107 -0.09539 -0.07601 -0.04779 
-0.01023 0.03623 0.09002 0.1485 0.2082 0.2655 0.3173 0.3618 0.3986 0.4291 
0.4555 0.4805 0.5062 0.5336 0.562 0.5894 0.6125 0.6283 0.6341 0.6284 
0.6111 0.5834 0.5475 0.5058 0.4611 0.4156 0.371 0.3288 0.2898 0.2543 
0.2225 

-0.08477 -0.09118 -0.09693 -0.1015 -0.1041 -0.104 -0.1002 -0.09166 -0.07747 -0.05697 
-0.0299 0.003384 0.04184 0.08378 0.1271 0.1694 0.209 0.2445 0.2755 0.3026 
0.327 0.35 0.3727 0.3957 0.4184 0.4396 0.4577 0.4706 0.4767 0.475 
0.4654 0.4484 0.4252 0.3974 0.3667 0.3347 0.3025 0.2714 0.242 0.2148 
0.19 

-0.07864 -0.08414 -0.08905 -0.09293 -0.09524 -0.09536 -0.09261 -0.0863 -0.07584 -0.06079 
-0.04104 -0.01685 0.0111 0.0417 0.07362 0.1054 0.1359 0.1642 0.19 0.2134 
0.2349 0.2553 0.275 0.2943 0.3129 0.33 0.3445 0.3554 0.3614 0.3621 
0.3572 0.3469 0.3321 0.3136 0.2926 0.27 0.2469 0.224 0.202 0.1812 
0.1619 

-0.07251 -0.07721 -0.08136 -0.08463 -0.08662 -0.08686 -0.08487 -0.08018 -0.07239 -0.06123 
-0.04663 -0.02879 -0.008162 0.01454 0.03846 0.06268 0.0864 0.109 0.1302 0.1501 
0.1686 0.1863 0.2033 0.2196 0.235 0.249 0.261 0.2703 0.2761 0.2781 
0.2761 0.2702 0.2608 0.2486 0.2342 0.2183 0.2017 0.1849 0.1685 0.1526 
0.1377 

-0.06656 -0.07055 -0.07405 -0.0768 -0.0785 -0.07879 -0.07735 -0.07383 -0.06797 -0.05959 
-0.04866 -0.03531 -0.01985 -0.002738 0.01546 0.03414 0.05277 0.07093 0.08836 0.105 
0.1208 0.1359 0.1503 0.1641 0.177 0.1888 0.1988 0.2069 0.2124 0.215 
0.2148 0.2117 0.2059 0.1979 0.1881 0.1771 0.1652 0.1529 0.1405 0.1285 
0.117 

-0.06091 -0.06429 -0.06724 -0.06954 -0.07097 -0.07129 -0.07023 -0.06756 -0.0631 -0.05674 
-0.04844 -0.03831 -0.02655 -0.01347 0.0005664 0.01515 0.02992 0.04456 0.05886 0.07271 
0.08604 0.09886 0.1111 0.1228 0.1337 0.1436 0.1522 0.1591 0.1642 0.1672 
0.1681 0.1667 0.1634 0.1583 0.1517 0.144 0.1355 0.1265 0.1173 0.1082 
0.09935 

